353.98
351.28
359.21
355.14
355.51
351.67
342.06
344.13
341.77
343.09
342.32
352.28
352.93
353.19
354.55
355.76
353.41
351.64
355.39
341.24
342.28
341.74
341.74
351.95
351.58
351.34
348.26
342.08
344.33
344.81
343.72
346.45
345.27
343.3
341.98
348.66
352.04
351.83
350.02
352.22
353.33
351.11
352.16
353.42
350.94
349.26
349.25
351.02
352.23
358.93
351.34
346.05
349.21
349.07
353.56
349.87
350.03
350.68
350.13
350.78
348.5
347.16
346.75
348.86
351.91
350.7
347.4
339.93
340.78
344.36
342.23
344.28
342.95
340.76
347.45
342.38
346.02
344.87
343.79
340.27
339.84
343.18
346.51
348.84
341.66
343.4
343.98
342.03
342.72
343.71
343.71
345.63
340.19
343.15
339.85
345.92
352.66
348.92
349.56
350.11
342.48
341.05
338.12
327.53
326.33
328.78
334.43
342.38
338.77
339.13
338.91
340.52
341.11
338.19
337.49
339.41
337.64
336.81
336.68
334.79
338.12
338.56
335.77
337.22
332.47
335.33
326.0
333.04
329.12
326.48
335.53
325.41
325.88
324.92
328.48
337.9
329.91
325.48
335.46
327.74
327.28
335.06
335.97
338.21
337.32
335.31
336.95
337.45
350.01
337.38
335.61
334.88
334.96
328.28
327.93
327.39
326.08
335.34
336.15
338.14
335.26
328.6
329.49
330.56
326.83
327.83
335.19
325.46
337.15
337.5
337.01
337.18
337.38
334.2
336.29
338.36
327.43
337.06
337.29
327.27
325.76
326.11
327.73
328.18
329.1
328.58
325.07
323.47
329.48
323.93
327.63
324.44
325.17
326.33
329.79
327.25
336.59
335.13
336.04
331.12
327.58
328.47
329.18
328.98
328.39
332.18
329.13
327.8
326.44
327.67
327.9
328.32
328.34
331.17
329.7
329.59
328.14
328.19
327.29
326.86
327.87
327.67
328.99
328.8
328.47
335.95
328.46
327.1
326.85
329.51
327.0
330.6
327.63
326.91
326.12
326.24
327.97
328.05
326.8
325.08
324.89
327.42
325.46
330.0
332.75
325.34
327.87
328.37
334.27
335.13
328.01
329.17
327.82
326.34
325.71
328.02
334.16
332.97
331.15
332.66
331.7
327.67
325.57
326.46
324.32
331.27
332.19
333.89
333.15
333.18
335.14
335.16
330.03
324.3
326.06
327.59
326.75
325.5
334.17
333.1
326.0
330.76
330.41
323.84
326.79
330.69
332.1
333.34
332.15
331.32
330.89
333.43
332.3
330.82
329.95
330.33
326.87
330.77
331.09
332.5
329.21
322.23
322.83
322.35
324.55
328.65
328.96
329.24
326.47
320.15
326.99
321.55
327.73
328.19
332.11
326.64
328.64
331.28
325.33
326.83
319.39
320.97
322.92
322.69
323.97
325.2
320.72
323.23
327.71
325.71
321.92
327.49
324.46
329.38
327.81
325.96
328.55
322.97
329.51
321.93
321.11
326.99
321.84
323.57
329.38
323.33
325.91
330.03
328.29
328.89
326.89
327.11
326.97
321.38
325.97
328.97
329.35
328.67
327.97
329.92
324.65
326.25
327.69
324.16
327.75
324.14
326.72
323.12
325.84
322.27
330.05
329.3
329.05
329.45
326.94
326.91
331.3
328.65
330.43
329.89
329.45
328.24
330.0
326.08
330.46
325.89
324.04
322.08
324.83
324.03
323.26
320.78
321.69
322.94
324.74
321.35
321.27
322.23
321.04
333.95
333.43
333.82
328.02
326.68
323.83
325.77
325.16
324.62
323.7
325.48
325.9
325.59
334.94
332.78
332.02
331.71
330.78
333.45
331.68
332.97
330.03
330.65
323.45
326.21
324.71
326.98
323.18
324.96
333.05
332.93
321.77
325.22
328.48
323.1
324.87
325.61
328.24
330.31
330.54
334.5
329.87
329.91
329.63
322.6
325.25
324.12
329.46
323.55
331.51
325.18
323.92
322.59
324.36
327.34
326.14
325.24
323.86
329.69
331.82
331.7
322.92
325.12
323.5
322.99
325.09
324.3
326.0
321.17
324.46
328.44
330.52
327.88
325.28
324.56
327.73
326.26
325.85
323.55
326.11
324.93
325.17
324.49
330.17
329.54
327.47
323.18
324.83
330.09
331.64
332.03
331.87
328.92
331.04
322.3
324.01
323.41
322.15
329.87
327.85
330.24
