320.83
318.38
319.72
319.8
318.72
318.22
319.09
318.2
326.19
326.6
329.19
328.68
328.6
324.11
325.74
329.93
324.81
327.81
325.34
317.0
319.09
312.98
314.4
314.0
314.36
315.19
316.28
314.8
314.17
315.45
316.52
319.27
315.68
315.79
318.76
318.33
316.99
316.34
316.89
315.15
313.83
314.82
313.77
315.8
324.72
323.94
325.3
334.93
327.11
325.32
325.62
326.5
325.3
324.69
323.44
325.41
326.71
324.91
323.71
325.92
314.3
321.96
322.8
326.57
324.37
323.76
325.72
323.9
323.59
323.85
324.61
328.44
324.39
324.94
322.81
326.38
322.36
324.44
324.98
323.91
323.07
322.95
322.06
323.36
323.8
323.03
323.13
322.87
320.99
323.01
323.14
321.24
323.6
320.89
322.17
321.12
321.44
320.77
314.53
315.58
320.87
322.42
321.31
324.97
326.76
324.44
328.02
315.53
322.14
321.26
324.61
324.09
323.4
315.98
328.08
317.89
318.59
317.84
319.77
318.92
317.23
316.63
316.98
317.64
317.33
318.58
316.47
317.82
329.9
327.95
326.77
324.91
326.07
316.11
321.79
325.5
326.85
326.9
324.96
325.08
327.43
326.72
323.3
327.56
323.78
326.72
326.61
325.3
326.18
334.9
316.77
317.73
319.64
313.26
318.6
319.33
326.86
322.72
325.68
324.09
325.53
326.75
323.94
317.57
320.09
321.41
319.48
319.6
318.47
317.87
314.26
328.28
325.0
321.65
321.57
322.66
324.95
323.84
325.87
324.06
324.72
323.99
323.82
324.23
323.77
326.31
324.95
326.59
324.91
322.58
322.48
323.81
323.83
320.22
322.32
324.28
323.16
316.76
316.58
318.08
336.08
337.87
346.37
345.27
336.21
335.31
335.24
335.15
345.53
337.36
338.22
335.94
335.47
345.91
343.93
336.28
338.27
343.66
344.93
334.05
334.47
335.29
333.7
335.0
335.95
344.13
345.97
341.31
337.59
340.41
342.78
346.21
344.45
343.72
340.9
345.22
346.8
345.37
338.21
338.81
336.9
336.94
334.02
335.31
342.73
336.66
339.4
345.21
337.12
335.16
342.86
354.58
345.45
343.16
346.68
346.23
346.65
345.93
346.28
345.44
345.76
344.38
345.17
346.3
345.33
345.58
343.72
334.71
336.7
336.31
336.31
334.35
334.9
335.57
336.42
336.13
344.16
345.62
342.43
345.07
344.52
342.45
344.92
345.02
344.36
341.94
345.63
339.2
344.53
345.55
346.37
343.29
345.23
345.95
345.19
346.02
342.26
345.55
347.55
345.7
326.74
325.04
329.71
328.21
325.3
326.92
324.48
325.34
324.84
327.27
326.46
325.68
325.21
325.11
323.79
325.68
320.97
325.27
315.38
317.14
325.91
323.84
313.98
314.47
315.33
314.74
318.08
317.11
317.65
315.44
316.31
315.61
321.66
317.54
325.6
323.27
324.82
324.81
323.29
324.15
324.9
324.46
324.11
324.39
324.18
320.88
320.28
326.75
324.14
323.97
330.54
324.26
324.54
323.76
323.29
316.84
315.04
314.75
318.4
316.05
317.83
317.59
321.31
314.58
317.47
316.51
319.12
315.99
317.12
316.32
315.54
316.79
314.26
315.32
315.21
314.44
316.47
317.96
317.31
316.7
314.15
320.22
321.46
322.6
324.41
322.71
322.94
322.17
323.86
322.85
323.05
322.08
317.92
317.04
314.54
315.72
313.57
316.02
316.59
315.76
331.04
333.01
320.13
324.33
322.73
322.74
331.5
324.24
324.39
323.47
323.3
323.17
323.16
322.38
323.42
322.88
322.3
320.24
321.86
321.67
322.56
326.31
328.54
330.83
333.54
327.91
323.54
328.8
334.78
330.01
321.85
323.25
322.25
323.41
324.98
323.55
322.42
322.23
328.57
328.4
319.02
320.72
320.8
320.07
321.95
319.89
329.06
322.21
324.1
323.63
323.65
321.32
327.72
330.77
331.09
330.45
321.52
321.2
323.05
325.19
322.38
324.93
329.9
329.53
329.42
322.84
325.62
326.8
319.2
322.25
324.63
321.33
319.78
323.53
321.36
321.07
324.14
324.78
330.25
328.12
329.08
329.53
327.54
325.92
327.48
330.15
319.14
323.44
323.44
320.71
321.02
321.15
319.5
320.55
327.47
321.9
324.54
321.93
319.63
322.82
