222.11
221.93
219.6
218.8
216.27
222.98
218.86
220.79
224.69
218.65
222.28
220.71
218.73
222.17
219.19
222.85
218.54
221.93
218.04
223.81
220.81
218.49
221.09
218.63
224.42
217.47
217.56
218.58
219.32
219.3
219.31
218.11
220.88
222.58
218.54
221.7
221.4
222.74
217.56
219.75
220.28
221.33
221.01
219.35
220.29
223.24
224.28
220.98
223.45
221.36
219.94
218.24
220.51
219.32
219.48
221.47
220.56
216.41
219.97
222.18
220.16
220.89
219.24
221.88
219.96
217.49
217.82
214.91
218.03
216.59
217.94
217.2
219.62
217.65
221.33
221.14
220.43
215.29
222.11
217.87
219.74
221.07
219.22
218.75
216.67
218.03
216.85
219.78
218.42
217.84
220.14
219.09
218.11
221.49
213.05
218.69
216.48
219.35
216.0
215.39
213.81
215.58
216.65
211.62
214.47
216.11
215.04
214.53
213.69
212.31
211.33
212.57
214.85
214.86
214.61
215.47
215.38
212.7
216.45
215.03
212.0
214.27
212.6
210.62
214.03
214.1
212.16
210.19
214.86
212.8
212.03
218.86
220.26
220.82
221.04
214.87
217.5
216.23
215.69
217.03
212.54
211.03
213.07
214.92
215.6
215.69
213.26
213.49
215.49
219.37
220.84
217.59
219.67
214.69
217.42
212.97
216.24
213.31
211.16
214.5
213.37
211.3
210.03
212.23
210.88
215.67
214.64
212.72
212.45
216.63
212.63
215.97
214.16
212.63
209.27
215.75
214.29
211.04
213.07
213.28
215.34
213.06
213.09
213.82
214.76
216.93
219.14
215.87
212.48
214.01
215.74
214.95
215.9
214.95
217.36
214.15
212.12
214.3
211.26
214.16
218.19
222.29
220.59
221.25
224.51
220.57
222.89
220.96
218.05
215.05
218.94
217.53
219.76
215.61
218.49
220.94
218.91
219.36
223.18
237.32
223.51
223.35
222.32
217.24
219.72
220.31
220.85
217.04
218.09
217.7
216.16
216.38
218.07
217.95
219.97
220.31
217.74
216.61
220.56
217.91
220.14
218.91
214.11
217.46
231.15
212.15
217.58
213.02
212.91
215.51
215.25
216.36
214.62
215.97
216.97
218.01
214.76
214.63
216.12
218.03
219.87
216.7
213.31
212.6
216.32
214.41
211.54
215.68
217.25
216.59
214.88
214.29
219.57
222.27
218.61
217.59
214.17
214.69
214.52
215.6
216.77
213.11
213.27
220.03
226.67
214.78
214.59
214.31
217.12
216.6
214.3
213.69
211.96
214.4
216.52
215.25
218.86
220.81
215.75
212.03
212.35
211.8
210.74
212.71
208.69
208.8
213.35
208.17
211.93
215.22
211.85
215.87
214.1
210.33
212.25
213.93
210.72
211.08
214.91
213.42
212.45
210.71
211.98
211.01
212.06
211.59
211.97
215.68
210.06
211.9
211.67
212.62
209.04
213.93
209.08
206.95
213.64
214.25
213.41
211.82
212.67
214.28
211.05
209.24
212.57
210.91
209.8
212.0
211.48
212.92
212.93
210.05
214.77
209.72
210.9
208.15
215.27
214.7
210.78
211.09
212.03
210.29
216.49
229.76
219.19
213.95
211.02
209.58
213.51
212.86
213.52
213.34
214.42
214.37
209.96
209.38
213.39
215.48
209.18
211.35
213.42
208.06
213.08
212.76
226.31
213.02
215.01
213.2
210.67
212.42
211.24
216.21
214.62
212.12
210.09
213.28
218.59
217.97
212.14
215.36
211.29
209.92
212.1
210.97
213.15
211.21
209.7
208.61
210.13
213.45
215.56
214.21
214.0
218.96
214.41
215.88
215.01
214.13
214.7
217.61
216.56
218.67
212.97
208.6
210.06
210.37
209.46
212.11
212.54
209.53
207.73
211.01
210.34
210.51
211.68
215.51
212.01
210.55
216.88
214.88
216.31
214.28
219.01
216.9
213.56
211.52
213.83
215.63
214.69
215.94
210.24
215.1
213.38
210.43
216.82
218.38
213.56
213.72
212.16
215.09
215.42
213.22
213.66
213.1
217.33
217.6
215.45
213.97
216.7
214.52
214.29
214.29
212.17
219.69
210.87
215.82
212.81
211.47
215.04
213.27
213.55
215.6
214.18
213.76
214.1
214.04
213.83
216.07
214.77
214.43
216.25
213.82
215.56
216.87
217.37
216.31
214.72
209.59
211.55
213.27
