221.8
219.08
222.27
220.11
219.45
224.8
219.25
223.05
217.71
224.49
221.42
223.62
216.1
216.2
235.35
226.33
221.2
215.16
225.3
224.26
222.97
218.65
220.58
216.04
219.06
222.04
219.49
216.64
219.23
217.14
215.78
215.87
216.84
218.58
216.77
218.58
217.16
218.85
219.11
216.44
215.2
215.53
216.66
216.11
217.83
221.21
218.99
218.83
217.22
218.13
216.22
217.53
218.85
218.34
221.58
214.07
216.13
216.96
218.99
223.93
223.12
223.59
222.68
225.08
221.47
223.43
222.18
221.07
223.39
222.88
219.6
216.34
215.14
225.6
216.91
219.83
217.75
224.88
221.0
222.38
222.42
220.76
221.83
221.79
219.19
219.05
217.56
216.27
216.47
220.03
222.92
224.88
220.3
219.98
217.22
219.13
221.3
221.75
222.07
218.65
219.37
216.09
218.14
213.54
218.33
220.41
227.93
228.39
222.94
218.74
218.03
223.73
222.92
226.74
222.93
226.32
219.49
226.53
224.53
225.87
224.56
220.63
226.87
223.56
222.72
225.64
222.56
222.19
220.35
220.35
217.68
223.93
224.84
226.28
224.49
222.87
225.45
221.64
228.32
220.08
222.62
227.11
224.08
222.64
221.25
226.52
222.22
225.08
226.54
218.75
223.25
220.66
222.83
220.4
223.1
224.01
229.56
220.1
224.72
224.19
224.31
221.95
228.43
227.98
224.88
224.1
223.56
223.09
224.64
225.97
224.89
224.15
220.91
221.59
227.65
225.01
223.56
223.0
221.88
225.76
225.52
222.69
227.29
230.57
221.07
222.67
221.79
221.78
222.78
223.39
224.91
223.7
224.83
226.49
224.13
224.18
223.61
225.77
219.98
227.15
217.41
219.05
216.67
217.49
216.08
228.02
217.07
217.07
213.22
214.44
215.5
216.76
215.52
223.02
224.56
222.83
218.77
217.0
219.35
217.03
220.6
214.19
220.91
217.21
217.56
217.19
221.85
222.82
224.01
221.6
222.89
219.71
217.4
212.81
219.12
219.39
213.19
211.73
215.23
217.31
220.03
220.09
218.74
218.76
215.67
220.51
214.56
214.0
215.54
215.65
216.48
215.27
217.3
217.37
214.13
219.72
216.76
214.19
215.95
214.42
216.51
216.87
227.66
229.23
215.44
223.96
225.56
216.99
222.35
224.47
223.99
220.39
224.08
225.02
217.85
218.65
217.27
218.46
221.09
218.9
221.98
221.3
222.49
223.64
227.42
218.86
222.36
222.55
221.32
221.84
218.06
218.16
218.05
216.29
217.41
218.76
216.01
216.59
213.11
217.22
308.11
275.37
225.49
221.75
222.31
225.86
224.06
225.57
222.26
215.28
216.42
218.5
219.64
219.26
217.37
220.05
219.91
215.95
215.94
217.03
219.61
217.06
222.73
217.15
219.01
218.27
218.53
216.26
221.65
216.9
216.6
214.35
219.84
214.15
219.71
218.63
213.45
212.16
215.62
218.53
221.43
216.99
219.96
217.56
217.31
219.1
215.73
214.88
218.46
215.41
217.12
220.45
217.24
219.12
214.45
220.4
219.21
216.73
217.48
217.49
216.86
217.02
218.7
220.31
215.03
220.6
218.06
213.49
219.3
221.2
221.26
218.36
220.47
223.21
217.87
216.8
213.83
215.15
217.31
217.56
218.8
218.71
220.14
225.26
230.6
217.59
218.29
218.3
219.46
219.73
214.49
214.79
213.15
212.33
214.85
215.48
215.52
218.09
214.59
220.56
213.75
214.68
216.78
216.79
217.61
220.46
213.21
215.04
219.66
217.66
218.3
215.54
215.74
219.26
223.27
218.39
216.81
217.24
217.27
218.99
218.56
217.38
216.8
218.29
219.66
219.75
219.84
223.46
219.88
224.54
226.64
218.8
221.44
224.01
228.02
226.78
225.1
225.03
225.31
226.06
214.75
216.83
216.5
222.32
226.01
223.0
222.82
221.85
223.12
219.93
224.36
222.08
223.04
223.9
221.54
223.19
225.29
221.36
218.15
224.27
221.76
219.1
221.6
220.55
223.0
216.45
216.05
218.94
219.83
222.22
214.29
219.16
217.57
218.0
218.57
220.16
219.75
216.86
218.94
218.28
226.67
215.9
216.15
215.99
219.12
221.99
214.53
215.2
213.76
214.11
217.31
217.98
225.04
224.12
223.22
221.49
220.67
218.16
223.86
232.35
