502.13
502.52
497.39
501.38
497.44
525.34
526.98
525.98
525.94
525.98
524.89
528.16
525.71
526.71
526.05
526.27
525.06
522.75
524.14
495.54
497.88
498.75
524.35
525.67
525.02
523.62
523.14
526.18
522.88
522.61
520.9
523.79
524.25
528.16
524.67
522.75
524.07
519.71
521.31
522.3
492.25
497.16
500.58
494.97
498.77
524.98
525.86
524.7
525.4
526.43
524.14
522.77
521.45
522.98
518.95
495.88
495.66
495.24
495.43
496.31
496.93
498.12
497.64
495.06
497.07
497.58
526.51
521.48
526.32
497.8
526.19
528.09
525.48
524.71
526.36
523.64
521.24
525.02
524.04
524.28
523.67
521.5
493.86
521.34
522.48
522.5
524.59
522.36
494.53
498.2
500.28
497.92
525.66
498.39
495.21
497.91
498.46
498.06
497.25
500.93
538.76
541.37
538.9
539.81
571.1
568.35
569.9
570.44
566.24
565.06
564.16
537.73
567.4
567.12
568.01
535.24
538.65
563.78
563.08
564.68
570.05
565.75
565.56
565.52
562.43
564.93
533.01
533.61
535.28
534.35
533.77
537.02
533.69
535.88
537.69
534.78
537.09
535.38
538.51
537.14
537.48
565.23
568.71
564.47
563.85
563.69
564.69
560.98
537.06
544.03
535.44
563.61
537.28
562.82
565.23
564.33
566.06
562.37
563.16
563.75
566.93
533.74
537.06
534.44
564.28
537.08
535.61
535.45
530.18
534.54
535.75
548.6
544.35
538.26
538.27
538.88
538.47
547.24
567.63
529.66
536.06
564.77
529.81
525.56
526.07
524.6
532.22
528.95
545.36
529.57
566.22
544.15
527.57
525.14
527.63
526.78
545.93
527.47
562.86
567.58
507.2
522.57
515.5
499.76
548.69
545.29
543.68
543.9
544.6
538.72
540.13
500.64
503.16
514.43
519.34
507.93
517.4
514.65
502.24
499.19
502.67
500.52
517.0
496.26
513.14
534.61
541.67
512.9
549.66
547.35
500.91
499.54
547.93
542.22
536.2
533.56
535.84
535.71
535.89
536.78
540.81
541.63
541.55
541.08
540.85
536.36
534.3
543.6
539.83
540.07
536.68
536.32
540.38
539.83
537.68
527.59
535.51
537.97
535.83
535.88
534.85
533.54
534.85
539.69
535.93
532.71
532.85
529.43
532.26
533.37
534.33
532.63
535.14
534.49
534.73
535.51
532.79
534.14
536.77
536.59
537.91
542.13
536.34
532.17
533.05
539.95
534.83
508.82
509.25
505.3
533.53
535.62
537.31
536.63
538.13
535.92
536.03
535.97
507.32
506.4
511.34
514.59
519.27
522.29
519.03
521.39
521.12
518.64
518.49
512.26
525.07
508.67
505.42
509.45
525.71
514.85
518.54
516.89
503.44
516.7
520.5
516.14
506.59
517.35
518.7
517.27
505.52
502.76
503.67
504.29
505.54
509.86
509.26
508.74
509.82
515.19
519.36
518.71
504.05
507.45
515.27
516.52
501.54
504.11
499.19
516.82
513.04
518.32
518.79
509.68
506.03
500.35
508.25
509.72
507.24
509.44
509.06
505.93
508.83
514.41
513.0
501.82
512.49
515.93
505.25
506.36
513.99
515.89
543.08
504.35
514.08
513.95
512.78
512.4
515.15
503.94
503.04
503.87
504.69
503.46
500.66
505.27
504.46
506.99
508.04
514.43
507.96
508.87
514.81
547.16
552.73
549.85
554.51
548.54
511.64
513.15
506.9
510.18
511.32
547.31
525.96
528.34
524.47
487.32
488.79
490.93
493.33
495.51
493.65
488.55
491.59
494.1
491.91
495.88
492.49
493.04
494.43
488.43
525.57
523.44
522.47
523.28
526.68
524.07
522.2
488.77
519.16
524.66
522.49
521.41
517.66
520.84
518.47
520.7
521.4
519.97
521.25
516.77
517.1
486.33
491.19
518.97
489.5
493.55
489.02
489.11
491.36
491.8
490.24
492.16
518.33
487.73
518.57
489.65
489.42
489.88
491.87
489.59
519.65
489.6
490.45
523.21
521.27
522.81
520.54
521.5
489.36
488.55
489.05
487.48
489.52
492.9
494.23
491.73
490.39
489.22
490.17
493.46
488.65
491.54
490.62
519.79
522.91
523.61
484.27
521.58
520.01
488.9
491.49
491.69
492.22
489.28
490.66
482.25
492.32
491.46
490.95
491.01
491.21
497.13
