543.69
543.23
542.0
545.93
543.37
542.08
546.22
547.05
542.52
542.03
542.21
548.62
542.82
545.93
539.28
543.93
543.89
542.51
545.7
550.72
543.82
544.33
544.76
543.48
546.12
540.1
540.42
538.0
538.15
535.71
546.03
545.15
545.9
545.25
537.14
537.91
540.54
540.11
547.9
547.44
545.49
544.02
544.2
542.39
543.36
538.98
537.18
538.93
544.32
544.66
546.94
546.03
543.25
544.55
537.09
537.07
548.21
536.23
540.01
540.04
537.84
537.33
539.04
546.93
544.9
544.69
543.21
543.31
545.08
543.96
541.27
545.55
544.41
522.25
544.84
544.4
546.57
542.71
547.05
519.64
506.92
549.57
549.05
546.9
511.34
513.0
548.11
547.55
543.99
543.65
547.33
546.77
548.6
546.57
546.36
511.32
512.99
515.34
515.68
518.63
490.84
518.99
520.23
518.15
480.04
487.65
492.84
480.76
491.42
513.07
491.04
491.85
481.33
481.15
479.08
484.19
481.64
488.07
488.46
478.21
478.42
481.73
484.25
479.21
480.23
485.33
481.36
481.09
480.61
479.09
481.45
481.91
484.95
482.42
484.19
485.68
483.41
488.69
518.62
519.14
517.15
513.96
515.74
513.65
516.07
513.94
512.88
478.64
478.12
510.76
515.65
514.53
511.79
483.34
485.94
486.53
511.32
486.1
485.26
488.27
493.12
483.57
507.97
511.51
487.9
488.27
489.16
486.69
483.97
513.4
486.65
483.74
512.68
513.36
513.89
487.2
490.38
512.46
513.29
487.39
510.09
512.14
513.31
511.27
513.67
516.04
515.11
515.09
514.59
511.5
510.99
513.7
513.46
509.34
513.56
515.44
512.39
510.6
513.29
511.2
513.35
510.15
512.09
479.79
482.11
483.76
484.63
483.48
511.3
510.62
511.92
512.5
511.28
475.27
477.1
506.28
512.44
510.37
511.96
509.16
509.07
478.14
488.23
507.3
509.15
510.63
509.94
511.11
508.92
509.73
513.1
475.77
477.39
477.14
478.53
488.99
488.89
488.41
488.9
475.85
487.36
477.62
489.53
475.94
479.35
486.82
475.25
477.89
476.87
475.46
474.47
481.04
476.06
477.13
483.09
485.91
512.16
513.02
475.27
476.44
475.55
484.65
485.07
486.73
487.08
520.18
517.34
515.87
485.76
514.25
516.36
518.15
513.98
512.76
510.93
511.29
508.95
510.78
508.88
510.35
508.69
509.79
511.9
511.06
508.66
509.4
508.82
511.29
511.82
508.34
510.31
510.09
507.53
510.24
508.82
510.47
509.8
510.44
512.77
510.05
524.89
526.95
529.87
524.13
525.36
524.87
525.37
543.84
563.72
559.71
540.46
542.91
541.02
538.44
539.99
538.45
542.15
537.06
539.89
540.34
535.42
537.29
537.61
536.82
564.68
532.91
534.84
539.09
534.68
538.67
536.15
562.63
561.45
562.95
563.37
534.12
535.63
534.95
535.47
562.58
562.78
562.17
560.0
564.22
560.54
563.8
563.54
561.92
532.86
532.27
532.4
535.21
532.88
534.36
523.31
534.17
571.87
569.26
568.38
566.93
568.43
532.01
534.28
536.16
533.99
525.04
567.68
564.34
569.21
569.99
567.29
524.56
528.22
542.77
535.03
544.07
564.56
564.0
564.2
560.98
565.89
562.4
523.5
524.86
528.74
524.7
562.62
568.8
569.02
567.69
569.57
566.69
566.35
525.81
524.01
559.68
564.18
564.21
564.79
566.15
529.62
532.27
527.17
528.09
525.96
529.52
530.06
518.25
528.86
531.69
527.16
528.99
514.86
517.78
513.92
517.83
516.72
530.76
526.54
523.59
534.23
538.28
524.44
534.65
514.2
513.45
514.12
525.28
525.49
525.43
528.42
522.52
535.32
528.43
516.98
512.58
513.02
517.61
514.54
515.25
518.7
515.26
513.05
515.68
521.38
515.71
529.11
527.86
526.84
528.25
526.09
517.06
515.84
532.49
516.5
512.46
529.24
527.82
526.29
526.31
524.14
528.07
523.26
526.49
529.14
524.63
524.0
520.75
526.3
526.2
525.01
522.21
528.6
524.64
526.57
525.58
526.36
526.65
515.85
520.73
551.32
555.5
552.26
554.5
554.23
552.88
554.26
555.69
519.67
512.76
514.62
529.95
520.22
552.96
551.43
552.68
552.32
514.44
535.49
536.83
