392.38
390.03
390.46
390.3
389.75
362.69
362.31
363.29
363.7
361.74
363.54
364.07
363.77
364.2
363.11
362.14
361.47
362.59
363.02
362.3
360.79
387.99
391.72
364.47
361.78
386.1
389.69
391.34
390.57
390.18
389.72
363.11
361.08
364.15
362.75
390.84
394.54
395.13
389.99
389.07
395.64
363.11
361.73
361.94
363.01
363.45
392.19
393.08
361.8
363.3
364.23
387.01
363.73
362.87
361.66
361.95
390.21
368.7
367.16
370.0
368.99
394.89
394.24
394.58
368.1
392.96
368.91
369.77
368.52
367.98
365.54
370.63
392.28
391.04
393.15
391.92
391.17
367.47
368.35
365.21
362.08
362.64
363.95
369.35
368.6
364.56
363.72
364.46
363.99
363.06
362.08
364.1
364.39
363.31
362.8
369.58
364.14
371.45
373.58
373.87
380.08
384.09
375.86
380.91
380.75
388.2
383.23
382.08
381.61
379.47
380.02
378.02
379.79
381.26
378.72
380.35
376.12
357.12
357.87
359.82
362.1
360.61
360.38
358.99
360.77
359.11
358.92
361.3
360.61
360.79
359.33
360.43
378.51
379.72
379.24
380.2
358.82
359.34
359.33
359.27
358.44
360.21
360.39
360.97
358.92
375.34
378.84
379.7
360.94
359.06
359.83
360.45
359.77
360.39
360.02
360.21
360.66
361.19
378.64
377.99
379.17
361.01
360.69
360.02
360.66
359.04
357.72
360.21
359.64
360.39
360.04
359.21
358.41
358.99
362.02
377.29
359.63
359.55
378.44
382.15
357.97
359.86
359.66
383.4
380.38
382.86
380.6
380.06
380.49
378.45
380.17
379.88
377.97
379.34
377.94
379.04
354.33
353.02
353.84
378.16
389.03
389.52
388.13
389.02
397.07
394.27
383.91
387.48
389.98
390.99
389.97
391.72
389.24
389.62
383.28
385.24
388.49
387.83
387.98
388.2
388.63
389.55
389.94
388.76
387.93
389.33
390.1
388.51
388.95
389.66
389.6
390.89
389.63
388.23
389.49
388.17
388.27
388.57
388.09
384.08
388.63
388.57
387.87
390.06
388.3
388.16
387.44
387.21
388.88
385.75
388.47
389.92
389.49
389.14
388.32
386.48
388.68
387.35
390.02
387.36
387.96
387.61
387.8
389.23
390.59
388.49
388.5
388.52
386.96
389.16
388.08
383.24
383.78
383.2
380.86
382.93
387.88
387.71
388.61
388.32
386.73
389.03
379.61
383.22
381.23
389.25
389.67
390.06
387.68
387.32
387.83
388.81
384.34
389.3
390.05
389.74
388.73
388.65
387.59
389.62
390.84
392.14
392.05
392.58
391.87
390.44
389.76
388.91
389.92
390.71
388.75
388.85
389.49
387.44
389.41
388.42
390.35
390.22
362.53
364.03
386.07
387.39
389.96
391.13
389.22
385.88
388.52
388.83
387.33
388.21
386.44
364.36
363.59
387.15
389.91
390.25
388.03
387.08
363.68
361.95
362.11
362.79
384.02
392.3
387.53
387.19
388.6
387.21
387.81
361.63
361.8
362.95
362.17
361.04
362.14
391.68
390.96
387.83
390.79
388.14
389.73
387.1
389.37
388.04
363.02
362.74
364.74
364.04
363.08
385.58
361.97
362.0
361.75
362.87
391.65
386.78
361.7
392.46
362.5
388.57
392.09
391.56
389.49
386.55
388.05
387.95
390.13
388.72
387.74
362.56
362.31
362.78
364.16
390.76
388.51
389.02
388.62
388.92
387.11
387.08
384.29
385.95
384.22
383.13
383.42
386.09
385.31
382.38
381.74
384.46
383.32
382.3
382.35
384.53
384.16
382.09
358.97
360.34
360.57
363.36
380.28
359.36
361.3
360.02
362.41
361.97
363.56
359.66
360.7
362.54
362.3
363.91
362.64
363.19
364.12
363.59
361.38
363.09
383.0
384.36
384.52
383.18
383.43
364.33
361.73
363.02
362.38
360.48
360.89
362.55
361.63
363.3
383.99
384.18
383.88
384.06
382.43
383.45
360.8
361.82
361.55
361.79
362.9
362.41
362.32
365.18
363.14
363.74
361.37
384.04
381.29
382.48
381.76
382.92
360.72
361.68
362.94
380.97
382.8
381.99
359.34
363.33
363.71
362.5
361.84
361.64
362.35
363.37
362.0
360.85
385.79
384.03
384.74
382.81
382.93
384.92
382.04
381.44
359.54
360.33
