367.76
365.51
366.94
366.08
368.66
366.06
365.78
398.08
400.39
400.46
397.51
398.95
397.63
402.0
403.49
395.8
395.75
366.35
366.39
366.59
365.39
366.71
365.98
364.61
366.96
368.2
366.82
397.21
398.37
397.63
396.6
392.03
392.7
394.64
394.4
387.23
394.7
393.4
394.51
392.94
393.17
393.3
390.0
390.08
390.06
390.56
390.51
396.28
396.0
395.76
393.88
389.31
389.21
391.56
390.02
388.34
389.04
387.36
387.86
391.14
387.22
392.34
391.88
393.17
391.76
391.72
390.41
390.64
390.5
391.13
389.79
391.99
392.93
390.66
391.58
391.83
391.86
392.81
389.09
384.05
386.91
387.0
386.89
388.45
391.99
391.45
390.71
387.42
387.44
388.56
388.28
387.74
396.91
388.75
388.21
388.22
387.01
388.83
387.26
392.79
395.44
394.65
394.41
393.22
392.78
384.19
396.88
393.24
373.66
373.64
372.03
397.43
366.93
367.82
369.03
392.88
371.52
367.1
366.78
368.81
367.87
367.48
366.75
368.11
368.78
367.51
367.15
368.24
369.03
368.0
369.91
367.07
374.03
368.84
368.52
366.09
399.22
400.89
397.93
367.16
394.91
397.8
396.7
369.51
367.9
367.26
367.75
371.05
370.86
376.81
368.7
366.86
400.18
404.97
400.91
399.41
398.85
398.15
397.14
404.56
395.46
395.4
367.3
368.66
368.64
367.64
369.05
367.64
367.17
395.06
396.51
405.05
397.83
395.86
396.09
397.48
395.91
395.03
398.3
399.34
392.94
393.53
396.12
395.52
395.47
396.43
396.18
398.25
396.01
394.44
394.12
394.51
394.63
367.17
393.54
395.13
392.9
368.24
367.79
369.47
372.03
370.23
371.52
370.84
370.39
370.46
368.57
368.58
371.46
371.02
368.92
370.88
395.43
396.26
395.49
393.47
396.0
391.11
392.03
392.19
390.44
391.68
363.45
362.54
363.71
363.87
363.14
362.91
388.52
393.85
363.91
362.31
364.06
362.85
364.26
362.32
363.67
363.83
363.96
363.95
364.58
363.24
364.38
363.24
395.5
364.58
364.05
364.13
365.24
373.13
397.86
395.41
396.54
395.4
393.93
394.21
393.78
392.7
393.35
363.7
362.73
391.44
393.84
392.73
392.64
393.41
391.28
390.92
390.23
390.4
390.11
390.7
391.8
390.42
362.98
363.74
363.42
391.56
390.2
390.33
390.22
390.2
361.81
362.63
364.3
364.87
366.6
363.77
362.91
364.3
363.98
363.7
394.36
394.7
392.03
391.45
392.13
364.07
389.85
366.36
373.33
371.91
373.82
371.08
371.18
372.35
372.54
372.55
371.68
370.89
373.02
371.24
371.74
370.76
373.29
371.84
372.41
370.78
370.56
371.34
371.5
371.81
392.85
394.51
392.47
389.64
394.93
392.06
392.54
391.01
390.44
393.9
373.82
393.21
369.17
370.99
371.71
389.99
396.0
394.36
394.74
370.7
370.45
395.72
395.53
393.89
392.51
396.45
396.0
407.17
395.58
393.54
392.93
395.22
392.79
392.76
391.1
391.78
369.54
371.48
368.93
369.51
376.07
370.33
371.8
367.18
368.54
367.84
366.56
367.71
365.64
366.09
364.77
367.59
367.64
397.42
398.85
396.68
396.55
394.51
395.64
395.23
393.93
392.04
367.58
370.26
371.76
370.76
370.75
372.21
371.55
371.87
371.5
372.44
372.2
372.66
370.51
371.27
373.27
374.87
364.16
364.62
364.0
390.46
394.19
394.8
365.17
366.52
392.7
365.01
363.48
363.99
366.7
365.11
366.61
364.2
363.35
364.84
364.25
370.11
371.22
371.72
373.63
370.14
370.34
371.14
370.79
373.06
370.95
371.47
366.07
365.13
365.95
363.79
371.78
372.36
371.09
372.09
369.79
394.44
365.4
366.13
365.71
389.39
393.05
396.3
388.25
367.29
369.12
396.02
392.66
390.16
389.2
365.83
364.46
365.7
364.16
365.36
364.48
365.06
365.01
364.67
390.65
390.95
391.85
364.55
363.21
364.93
387.74
391.66
390.58
392.2
389.16
392.79
391.44
392.23
366.11
365.83
389.09
367.55
385.06
391.14
390.87
371.28
368.98
370.68
368.63
371.06
369.56
370.68
368.08
369.38
373.05
397.71
369.24
369.69
394.45
397.09
395.38
398.56
