144.71
150.94
142.63
145.59
151.22
144.83
147.29
145.35
144.26
144.84
144.64
144.64
145.05
152.77
144.09
143.44
144.88
146.56
144.77
146.88
145.23
143.07
142.1
150.97
151.33
151.25
145.36
150.79
151.44
151.19
150.72
150.25
150.17
149.6
150.59
152.53
143.26
146.2
146.15
143.63
141.87
146.05
142.77
144.95
145.25
148.38
147.57
145.96
146.35
149.19
150.82
146.91
145.89
149.44
150.18
150.93
149.82
146.21
149.06
149.67
146.52
143.97
143.75
145.27
145.88
143.73
146.78
145.4
144.9
145.99
144.67
143.01
146.24
145.11
146.14
144.26
142.2
148.56
142.74
144.48
144.96
143.73
145.86
149.4
149.73
148.16
149.81
148.07
150.97
149.82
148.84
149.2
149.19
147.67
150.91
148.03
149.48
148.74
150.69
147.73
155.19
148.47
150.14
163.34
155.37
156.82
147.33
151.69
151.53
153.15
156.5
151.5
150.42
151.19
162.84
154.49
152.05
151.26
149.24
148.3
148.83
151.02
151.63
150.61
149.88
149.72
153.23
151.15
150.0
147.34
150.24
151.79
153.33
154.15
155.11
153.17
153.43
153.08
152.1
151.59
152.39
152.79
152.29
152.83
151.03
153.4
152.7
152.95
152.95
152.41
152.44
145.01
146.16
149.05
147.86
147.29
146.15
146.64
148.25
148.8
148.0
150.64
150.38
150.84
150.29
155.33
151.08
151.49
148.44
151.31
151.02
151.91
151.22
152.29
151.34
151.95
151.41
151.28
150.24
150.33
150.14
152.04
153.08
150.75
150.81
149.48
151.79
149.27
150.55
149.5
149.7
153.41
152.6
148.7
151.16
151.53
150.47
149.01
149.1
151.99
147.31
149.31
149.25
164.34
149.69
149.94
149.12
147.75
149.52
149.58
148.24
147.18
159.33
151.28
148.21
148.21
147.68
146.99
141.49
145.99
145.38
146.66
147.84
146.97
148.83
148.17
148.4
147.11
147.5
149.68
140.29
150.08
149.56
147.88
150.61
147.97
138.93
141.63
142.7
141.4
142.26
144.81
142.71
147.07
145.04
144.39
145.59
144.56
147.0
146.46
146.61
146.16
145.7
147.02
144.35
145.63
145.91
147.05
142.32
143.07
143.79
145.43
146.04
144.21
146.17
148.72
147.89
145.56
145.99
146.41
146.11
143.88
145.72
145.32
144.42
144.18
145.43
143.52
145.5
145.87
144.79
144.58
144.35
146.1
145.73
146.16
144.63
144.38
145.53
144.55
145.25
145.09
145.25
144.44
144.5
145.11
144.7
146.86
145.46
144.83
148.71
149.75
149.7
156.81
147.9
149.49
147.71
152.66
155.15
149.0
153.45
148.05
147.58
158.6
150.83
148.85
145.36
146.05
146.75
146.91
145.72
147.69
147.64
145.97
144.79
145.14
146.4
146.3
145.79
147.4
145.95
148.95
148.45
145.7
146.93
146.05
145.61
147.11
147.03
146.67
146.18
146.75
144.9
152.6
148.99
146.67
146.69
147.17
148.26
146.56
145.92
145.6
146.58
146.48
147.15
150.8
147.09
148.95
148.35
145.97
147.84
146.24
146.19
146.6
146.67
149.97
148.36
145.38
144.34
147.5
146.91
145.72
147.94
147.91
145.86
146.42
146.23
146.77
146.42
147.46
146.22
149.26
148.17
144.91
147.02
147.5
145.95
146.87
147.57
146.58
145.73
146.46
147.15
145.57
145.77
147.35
144.75
148.36
146.93
147.03
149.96
149.29
147.26
149.03
149.97
148.39
146.31
151.8
153.35
147.84
153.96
149.94
159.32
152.08
148.3
147.11
146.71
144.84
146.05
144.31
149.34
147.14
148.27
147.34
148.19
148.33
148.3
150.21
151.62
150.24
150.63
151.89
143.49
143.06
147.28
151.05
151.5
148.26
148.01
143.02
141.98
142.26
141.7
144.01
149.21
148.86
151.34
150.08
144.48
141.54
145.31
142.61
144.36
147.81
147.09
150.37
147.71
145.52
146.13
144.77
149.49
149.7
142.56
145.64
144.18
148.68
147.28
145.27
147.95
144.42
148.19
149.35
149.56
141.96
146.39
147.1
146.3
146.88
147.58
147.5
144.72
145.71
144.63
145.82
148.8
146.8
146.79
148.24
148.22
148.41
149.53
147.59
149.88
148.25
146.56
149.23
143.67
148.27
149.44
147.51
