102.11
102.99
96.43
103.6
98.85
100.48
98.76
103.31
99.07
99.42
102.18
99.47
96.76
100.49
100.62
98.48
100.1
98.2
98.69
98.9
98.53
95.97
97.72
98.98
99.95
99.37
98.54
95.64
92.21
98.07
94.53
96.52
93.33
98.52
92.88
95.81
93.81
99.54
98.85
95.45
95.56
98.86
98.07
97.69
94.68
99.09
96.85
101.04
102.33
100.83
97.51
96.45
98.16
96.6
98.64
97.22
105.57
106.83
114.6
104.25
100.55
97.82
98.34
96.28
109.15
101.3
97.73
99.47
97.8
99.67
96.5
100.68
98.99
99.44
98.8
98.36
99.55
97.6
98.01
98.07
94.65
97.86
99.27
97.6
99.53
101.93
103.62
112.94
100.91
97.7
99.44
98.99
100.46
100.91
100.09
95.29
97.08
101.33
101.73
99.17
99.86
102.01
92.42
101.6
100.23
96.34
98.21
102.2
99.32
100.19
100.47
97.9
98.9
98.23
95.63
99.63
98.25
97.47
97.61
98.77
98.23
94.2
97.73
100.0
96.66
96.31
95.69
97.15
96.76
98.17
97.52
94.49
98.16
96.09
96.35
96.73
95.5
93.86
93.0
92.34
97.17
94.31
98.08
98.59
106.68
108.07
103.42
98.1
98.77
97.08
96.85
102.52
101.45
96.26
93.44
97.28
94.56
95.37
93.95
94.34
97.3
94.25
96.12
98.54
96.53
98.07
97.2
94.93
95.6
97.19
98.42
97.69
94.72
97.81
97.65
96.67
95.82
97.12
96.79
99.4
100.33
96.86
97.42
97.6
95.77
93.73
97.3
97.76
97.02
97.68
96.8
96.61
96.39
95.3
97.93
94.14
96.39
94.61
99.05
110.54
100.38
100.51
98.72
106.45
98.78
97.21
97.52
102.12
101.85
100.62
98.7
96.56
97.49
97.06
96.18
95.23
98.19
97.91
98.44
98.18
97.56
96.62
97.76
96.12
94.44
96.0
95.66
98.22
98.59
96.2
100.98
99.42
98.63
99.65
97.99
97.02
93.98
96.68
92.45
96.32
99.31
99.33
99.7
101.11
97.46
96.38
100.52
97.56
92.98
96.65
97.05
98.04
96.41
101.37
101.09
100.43
109.18
99.95
99.35
100.05
94.98
98.21
98.3
100.11
96.42
102.92
96.19
95.7
98.17
97.81
98.85
102.86
96.89
98.58
101.17
109.47
102.34
95.8
97.96
100.46
96.8
98.07
96.75
98.37
98.71
95.84
96.46
97.27
101.24
95.86
98.17
96.58
99.3
99.2
95.38
96.49
101.37
98.46
96.05
96.44
93.32
103.23
97.94
103.25
109.72
101.44
102.0
100.15
98.64
97.68
101.16
99.08
96.76
104.56
106.5
98.36
98.24
96.87
96.31
96.46
96.29
96.12
100.18
97.28
94.98
101.72
97.24
98.06
99.13
94.48
97.19
97.4
98.83
97.4
98.8
96.52
97.87
98.42
98.21
100.55
97.51
96.8
96.18
95.39
97.12
98.41
98.75
95.59
97.43
93.93
97.51
97.83
98.15
96.67
95.64
103.87
115.22
100.52
97.4
100.26
102.02
98.6
99.37
100.99
98.45
101.18
97.44
99.23
98.95
94.77
96.11
97.36
94.82
104.43
98.7
97.99
105.35
101.49
96.21
93.23
95.14
98.55
96.26
100.59
99.3
97.12
98.12
96.75
96.1
96.19
97.81
95.69
100.28
95.82
100.22
96.51
93.34
97.57
96.46
99.47
100.36
97.98
97.92
100.38
99.25
98.24
97.65
96.34
102.17
100.88
99.22
98.63
94.61
97.04
96.15
94.69
96.0
94.42
98.67
94.22
98.17
97.36
94.45
97.45
97.18
96.31
93.64
96.56
96.11
100.01
96.15
95.4
93.28
95.72
97.26
95.09
94.29
94.57
93.78
95.57
90.46
93.03
92.91
97.8
98.97
98.01
96.83
96.86
95.99
98.03
95.55
97.25
93.76
94.25
95.14
95.38
95.97
93.63
95.74
95.2
93.59
94.1
96.23
97.09
91.96
97.58
97.45
92.57
95.02
95.29
95.81
95.83
94.84
93.72
97.91
99.83
93.97
95.45
97.86
96.35
94.95
97.74
99.62
94.63
97.79
96.9
100.97
108.21
98.28
96.11
93.98
97.22
97.22
97.81
96.39
94.53
97.58
93.44
93.64
97.23
