153.4
152.06
159.29
161.91
155.81
153.91
160.81
148.93
155.75
152.16
170.18
155.18
153.63
152.62
155.71
150.69
148.61
150.46
149.59
152.87
151.89
146.16
149.15
153.52
152.67
151.13
147.98
149.08
151.57
153.82
146.81
148.57
147.19
149.04
149.17
149.77
149.86
150.8
150.45
151.35
151.41
151.03
149.1
150.16
151.03
151.02
149.17
150.46
150.74
150.46
155.91
148.12
164.96
150.46
155.75
150.0
153.09
150.53
149.84
156.83
149.51
149.7
148.5
148.57
151.18
151.26
150.09
149.23
149.53
149.45
150.77
151.8
149.39
150.12
148.81
152.13
149.9
149.78
151.72
149.87
148.46
150.51
150.7
156.11
150.15
151.97
153.53
150.33
151.23
150.11
150.58
149.8
152.65
149.58
148.93
148.36
150.72
149.47
150.87
152.38
155.86
152.47
162.72
158.74
154.44
152.84
150.5
160.21
158.82
157.17
156.19
150.93
150.42
151.34
153.1
148.37
151.01
150.42
152.45
150.26
148.9
164.68
163.6
152.14
149.62
149.0
149.39
151.3
151.2
150.8
149.65
152.61
151.76
152.06
149.25
148.1
151.2
149.47
149.32
149.14
149.48
148.95
150.05
151.24
150.78
151.41
152.02
152.17
150.9
154.17
147.47
148.16
149.78
148.75
147.36
149.54
152.59
152.1
151.41
150.51
151.33
149.34
149.83
151.97
150.23
145.37
147.91
152.63
150.63
151.7
149.37
151.89
151.19
151.49
144.34
146.69
146.59
148.98
151.41
151.75
150.03
152.32
150.79
149.47
150.75
148.73
147.91
148.56
151.28
149.87
150.99
149.93
150.83
150.3
147.73
146.96
149.57
149.34
148.56
152.71
153.65
154.64
159.58
156.31
154.12
151.23
149.92
156.99
156.58
153.61
156.77
166.6
158.2
153.43
154.17
155.17
153.47
153.64
152.71
153.26
153.77
154.35
154.02
145.02
154.07
147.88
148.16
150.12
152.36
151.59
157.43
152.72
155.58
154.72
154.47
153.74
146.03
145.42
146.87
147.5
152.29
146.64
150.44
154.87
151.95
151.04
153.98
152.37
157.86
154.65
154.38
154.94
154.72
153.0
148.72
154.44
152.55
151.26
154.63
152.35
151.81
151.98
153.79
146.24
146.39
151.65
151.58
151.94
152.12
151.63
157.14
152.11
153.65
152.39
150.67
148.97
152.58
150.1
151.71
148.45
151.35
151.22
151.98
150.62
149.31
151.66
161.27
157.14
151.3
150.72
150.36
150.98
152.0
150.41
150.96
150.96
150.97
153.84
152.35
152.6
154.19
153.49
154.97
154.77
153.72
157.1
159.64
152.04
156.52
155.41
157.24
151.77
158.18
170.7
162.37
153.14
151.52
148.41
150.13
153.38
150.67
152.57
151.6
150.69
153.13
150.69
152.1
152.2
145.6
145.38
150.51
152.03
152.78
153.66
155.16
150.81
150.53
150.87
151.91
148.68
151.04
154.11
149.92
150.98
150.4
147.76
149.59
152.06
152.43
150.64
153.83
148.88
156.79
154.9
149.71
151.46
149.06
169.8
153.69
152.29
152.88
149.68
151.24
150.05
149.8
150.9
149.81
147.01
150.51
149.09
148.46
151.54
151.69
149.99
149.84
149.08
150.67
149.96
151.16
152.9
150.02
149.48
151.92
150.08
149.76
152.86
153.67
150.69
148.03
147.24
150.9
150.26
147.59
151.24
150.21
150.09
150.11
149.51
149.18
155.33
150.3
149.13
146.71
160.42
151.96
150.02
149.89
147.38
153.33
150.01
154.87
174.3
154.98
147.04
151.83
151.15
151.5
150.43
150.82
152.56
151.91
151.49
151.35
153.98
153.05
150.59
152.05
154.35
150.94
151.76
155.26
152.19
151.17
151.74
153.47
148.77
151.36
149.88
151.3
149.94
152.04
149.87
150.03
151.94
146.93
151.03
149.05
151.04
150.12
144.22
144.56
144.31
158.93
144.73
145.26
146.81
145.62
146.42
146.44
146.51
148.05
145.71
146.62
145.07
143.51
152.77
148.06
150.1
149.91
150.77
149.44
147.02
146.01
147.04
148.4
148.48
151.3
147.41
148.68
149.07
148.84
148.18
148.62
159.26
149.36
153.85
162.31
153.6
150.34
146.95
148.36
148.97
147.27
148.83
148.23
148.53
148.83
151.56
149.39
152.19
