96.12
93.99
97.32
99.3
105.6
98.64
95.05
94.22
99.96
98.12
103.5
96.5
98.53
100.76
98.48
99.18
100.01
101.39
100.51
98.72
94.95
99.34
93.88
95.84
95.52
95.16
99.24
97.07
98.04
99.52
98.78
94.0
93.46
95.16
95.3
92.85
100.96
96.09
90.78
95.36
93.63
91.71
96.86
98.13
97.39
95.06
95.86
94.56
90.57
99.95
96.49
94.09
94.88
97.76
95.19
95.39
93.04
93.01
94.58
94.7
93.43
96.16
96.03
94.78
95.94
96.28
96.9
95.96
94.13
94.89
95.37
96.55
93.75
96.24
93.08
92.97
90.64
95.93
98.3
90.77
93.33
94.04
95.33
95.66
93.56
93.92
94.25
96.02
86.83
90.8
93.64
96.03
93.84
95.82
93.77
96.0
94.93
95.26
93.13
95.19
95.47
88.61
96.48
102.02
94.77
96.01
96.66
91.35
96.11
95.85
97.54
94.47
98.58
93.37
96.41
96.69
99.05
95.49
96.02
96.42
96.1
93.45
94.34
94.0
94.78
92.65
92.71
93.71
94.21
95.81
93.1
94.61
91.91
95.53
95.74
94.5
95.06
94.04
95.52
94.74
94.01
91.85
92.46
94.39
93.26
94.37
91.05
96.01
92.34
96.53
94.3
95.49
96.29
100.23
98.01
98.87
110.84
101.21
97.35
93.19
94.13
94.39
94.99
106.16
97.72
97.67
95.62
93.92
97.79
96.54
99.09
102.18
94.13
91.31
93.85
94.75
92.46
91.01
94.02
94.03
91.63
94.87
96.53
94.91
94.99
96.08
93.63
95.22
92.98
93.44
93.44
98.28
93.53
96.39
96.23
96.46
96.75
94.94
95.66
96.95
102.04
101.26
94.23
101.2
94.42
95.43
95.59
97.51
96.97
96.27
100.27
97.39
94.98
93.34
94.8
95.15
94.14
96.06
97.6
92.68
94.43
92.2
94.41
93.51
91.79
94.72
94.92
93.11
94.74
92.96
93.01
95.37
95.91
93.99
93.02
96.35
95.44
93.8
93.87
93.77
94.25
94.35
92.51
89.87
93.59
95.12
96.08
90.46
97.69
97.52
95.3
93.7
91.71
93.69
94.44
94.14
95.31
93.88
95.09
92.36
91.91
94.47
94.74
93.94
93.7
94.6
94.22
93.55
95.11
94.96
93.31
94.72
94.14
91.97
91.21
93.15
94.1
96.12
95.06
93.91
94.87
90.25
95.85
94.67
93.58
91.36
93.38
93.6
89.67
94.0
93.36
96.68
94.22
97.07
92.54
96.13
92.61
93.51
93.58
95.95
97.84
97.29
95.9
104.72
103.94
96.0
96.69
97.18
94.88
94.79
97.68
98.54
95.79
96.01
93.29
96.13
95.89
92.61
94.88
92.49
94.74
93.09
95.04
95.99
94.8
93.69
94.14
92.57
94.7
94.61
95.75
91.64
93.23
94.66
95.72
91.25
95.22
95.56
94.99
94.5
94.05
96.4
94.79
92.82
94.34
93.03
95.27
99.37
96.66
93.29
90.6
92.16
91.47
93.39
93.04
93.4
96.34
96.23
94.63
95.35
92.59
95.27
93.01
95.95
97.86
98.11
96.71
95.38
94.74
94.84
96.58
96.28
94.45
92.76
92.01
95.39
93.11
93.35
93.96
93.96
95.15
95.85
94.39
94.44
95.83
93.56
94.39
96.17
94.44
96.51
93.62
94.19
95.15
91.36
95.14
93.58
95.4
94.89
93.98
93.98
97.23
96.91
94.76
108.06
101.91
96.85
96.86
97.55
98.41
98.31
95.06
97.83
97.49
96.82
94.53
96.05
95.47
95.69
97.24
96.6
97.45
96.4
94.81
93.88
94.37
94.88
95.25
93.82
95.31
96.59
93.71
95.36
96.52
95.12
94.87
96.53
94.84
93.42
93.96
96.91
95.63
94.07
93.79
99.43
95.75
96.21
95.78
92.15
100.14
96.58
99.65
94.6
94.18
91.24
92.37
93.13
95.95
95.92
93.58
90.55
91.49
97.55
93.59
96.68
93.26
97.88
98.62
97.5
93.77
98.19
95.09
96.79
93.35
94.92
93.4
95.46
94.85
93.01
96.14
95.05
93.85
95.46
94.04
95.98
91.43
96.63
98.05
95.2
97.51
95.78
95.83
92.27
95.77
93.9
97.71
96.58
94.64
94.87
95.91
94.97
