243.73
244.01
243.03
245.02
242.84
245.69
242.85
249.48
247.51
248.11
247.51
246.72
247.37
249.03
247.74
246.94
247.96
246.65
249.56
284.15
252.56
247.15
247.48
248.21
246.81
247.08
248.57
247.77
246.68
247.4
247.43
246.03
248.41
248.13
246.3
247.5
248.91
245.9
250.07
247.78
247.54
247.64
248.12
246.43
249.19
248.51
245.64
248.14
249.11
248.72
246.7
246.53
248.1
247.78
250.14
248.46
248.8
248.31
249.73
246.88
246.99
247.47
247.69
247.0
247.18
250.82
249.0
248.04
247.88
246.17
248.62
249.53
248.87
247.96
249.08
247.4
248.38
248.13
248.54
248.04
246.68
247.08
247.37
247.65
247.82
247.72
246.33
246.43
246.54
246.99
248.14
245.52
248.75
247.15
246.77
248.04
248.23
248.66
247.48
247.12
241.91
254.57
254.19
253.77
253.86
254.73
253.08
254.2
255.72
253.73
253.11
253.88
254.36
253.58
239.89
240.95
240.74
240.34
241.05
241.33
242.16
240.85
242.04
240.31
240.74
248.9
253.77
253.33
254.86
253.51
253.94
255.32
254.37
254.33
254.06
252.27
252.49
252.79
252.53
252.52
252.54
253.73
252.04
252.47
253.66
252.66
249.97
252.6
253.35
252.73
251.99
251.22
251.7
251.74
251.76
253.37
252.12
251.07
252.12
252.37
252.75
251.0
252.58
251.83
253.95
251.82
250.79
253.57
255.3
252.54
251.69
252.65
253.08
238.7
237.11
238.28
236.8
238.21
237.42
248.06
252.38
252.69
252.73
237.26
238.28
237.46
238.45
236.78
252.49
253.43
238.02
237.08
238.53
238.28
236.55
238.33
237.44
239.0
238.27
238.22
235.76
249.06
234.92
234.15
233.71
236.39
234.88
253.56
254.36
253.25
251.68
234.8
233.79
235.85
235.3
235.1
240.6
240.19
246.9
259.64
236.32
237.54
236.22
237.2
240.14
238.58
237.63
238.74
238.5
238.75
239.17
239.69
240.32
236.93
239.31
237.52
239.44
239.55
239.46
239.53
241.23
239.53
240.26
241.71
240.03
239.33
238.14
242.12
239.74
240.87
239.33
239.74
241.04
239.47
242.05
240.85
241.02
240.39
241.01
240.48
239.99
240.36
241.32
239.89
240.33
234.82
236.92
239.76
238.67
240.31
239.64
240.82
241.75
240.2
239.28
239.71
240.28
238.52
237.91
251.95
250.6
251.97
250.84
253.04
251.61
250.73
235.48
234.59
235.22
251.99
235.92
235.92
236.24
234.48
235.35
235.14
235.93
252.21
252.11
251.53
257.77
257.87
257.79
238.46
237.51
238.28
238.47
239.61
237.46
237.94
239.02
238.02
256.68
257.07
256.65
255.72
256.07
237.69
243.93
253.76
256.13
258.03
255.29
254.9
254.43
254.64
254.86
255.72
255.07
253.92
253.49
255.56
253.91
253.0
254.02
254.08
254.05
254.66
253.73
254.81
254.36
238.03
238.05
238.92
238.41
237.97
252.25
253.76
237.42
238.45
238.18
237.53
238.76
239.11
238.26
237.67
238.02
240.55
239.66
239.09
238.52
238.11
238.07
236.44
238.29
239.17
237.42
252.26
253.78
253.99
252.76
254.29
253.68
238.04
237.91
236.89
237.33
237.21
253.38
254.96
256.8
237.05
237.27
239.64
237.51
239.43
237.79
238.33
239.54
250.76
255.93
255.38
255.51
254.14
253.85
249.91
238.75
238.16
238.63
237.9
243.32
243.61
244.06
242.77
241.98
250.55
254.67
255.61
254.71
255.84
255.7
254.54
255.26
253.75
240.8
240.78
241.95
242.66
241.26
243.75
240.94
242.41
242.94
240.23
242.58
240.65
254.32
253.38
253.4
254.08
253.44
253.78
255.31
254.74
254.45
254.04
253.41
253.09
252.1
252.93
253.18
253.25
252.31
237.53
239.96
239.34
240.77
240.81
255.14
237.02
240.23
240.58
239.98
240.07
240.57
249.25
240.35
240.18
241.01
237.68
242.53
237.9
239.24
240.94
240.92
241.17
237.32
237.76
237.63
236.73
238.0
238.28
238.09
238.44
238.19
240.08
240.34
236.67
238.06
241.24
239.55
241.57
241.08
240.68
237.5
237.33
237.33
236.7
236.02
254.35
253.4
255.71
253.22
253.0
237.43
238.22
252.54
252.65
237.22
237.92
