266.29
246.28
246.21
244.85
246.29
245.81
246.17
251.43
269.22
269.81
271.1
270.92
271.12
271.76
270.05
272.06
270.69
269.97
269.66
270.23
270.67
269.89
269.3
269.19
268.94
268.6
268.6
269.08
268.91
269.22
269.56
268.25
249.47
249.08
250.82
249.38
249.1
249.85
248.31
249.54
248.55
249.58
248.75
248.18
264.51
269.55
269.63
269.94
268.74
268.22
268.4
268.78
269.48
269.47
268.92
268.59
268.57
269.07
268.46
267.66
266.75
267.08
266.19
267.98
267.72
267.77
267.0
267.01
267.49
266.72
266.05
268.4
265.27
265.32
268.45
267.91
265.53
267.57
268.02
266.58
268.37
266.13
264.72
267.29
265.06
265.42
265.66
265.11
265.81
264.51
264.1
265.71
266.01
265.52
264.81
264.26
249.22
250.74
249.04
251.09
249.09
244.42
243.56
248.06
249.87
247.7
248.97
249.38
248.78
247.59
247.95
247.11
247.84
248.74
249.45
247.79
249.19
249.97
248.41
248.82
247.01
247.47
248.25
247.31
242.81
243.55
243.08
242.37
243.46
242.98
245.14
247.89
247.49
247.89
247.39
248.32
247.18
247.28
248.21
247.14
247.46
246.22
247.23
246.37
246.82
248.09
247.82
247.24
242.54
243.14
242.1
258.47
262.66
263.72
262.71
263.19
261.78
262.36
242.41
248.34
242.44
242.68
242.66
242.48
241.34
242.29
242.15
242.86
243.2
242.48
242.95
247.56
242.56
242.94
242.65
259.66
263.36
262.47
265.58
262.95
263.3
261.09
244.53
245.55
243.82
242.45
242.66
242.59
242.83
256.22
242.42
244.8
262.46
262.62
261.75
261.28
242.87
241.52
242.86
242.73
262.03
262.09
261.44
260.87
257.42
259.44
256.91
258.24
257.83
257.46
256.93
258.03
259.49
261.45
260.6
262.1
262.71
260.49
261.45
261.09
260.79
261.26
261.02
259.87
258.72
258.75
257.15
256.9
261.12
259.36
258.14
259.56
259.35
259.34
258.97
258.4
258.48
259.47
258.52
259.01
261.0
256.86
257.76
258.35
258.27
257.15
258.34
256.59
259.09
257.98
258.17
258.26
256.97
258.05
257.71
258.98
256.59
256.49
258.74
254.66
256.02
257.54
255.56
257.15
256.0
240.89
240.48
257.6
256.86
242.37
241.4
242.38
242.21
241.65
242.1
243.67
241.46
242.81
241.23
242.02
243.58
241.82
243.24
245.93
243.58
253.22
256.85
256.29
256.82
257.0
257.32
258.13
257.88
241.7
244.62
244.64
243.62
243.88
244.45
249.93
245.35
239.54
261.07
246.91
246.42
247.83
255.45
247.49
248.16
248.19
261.08
261.65
262.13
262.81
261.46
262.23
260.84
262.02
242.43
246.15
245.03
245.86
262.22
260.62
262.72
259.83
260.42
258.63
256.84
257.52
257.34
257.77
257.33
256.7
259.09
259.83
257.68
259.18
260.09
260.25
258.71
259.7
259.6
257.84
259.34
259.61
258.32
257.9
258.11
257.73
256.45
257.32
254.9
255.95
255.11
256.33
257.2
257.62
255.13
255.98
253.76
257.7
258.43
258.43
258.27
247.98
244.08
244.07
245.4
247.08
244.5
245.42
244.15
245.07
244.16
244.32
244.72
245.15
257.88
257.8
257.61
257.16
257.22
257.17
257.48
256.86
256.78
255.69
256.93
241.91
253.21
256.5
256.61
257.69
256.77
240.12
253.01
255.19
256.5
259.73
245.4
244.77
245.74
244.94
244.72
245.87
262.33
262.05
265.21
262.84
261.89
264.95
263.05
264.63
263.59
263.28
264.11
246.7
253.7
249.98
247.19
252.18
247.38
246.71
247.73
246.97
246.14
246.22
246.32
246.31
245.12
246.76
245.96
246.82
246.77
264.87
247.47
246.56
246.1
246.18
246.01
250.19
245.35
250.74
248.86
249.23
248.41
250.18
257.12
250.01
250.9
251.12
248.72
250.13
249.08
248.42
250.76
251.29
248.82
251.45
250.87
250.07
250.33
260.7
246.0
254.29
247.99
248.18
248.41
251.29
252.78
252.22
246.65
249.38
253.77
250.32
250.91
249.36
248.1
249.71
251.41
249.96
250.57
253.06
251.28
251.47
251.93
250.65
251.46
251.37
250.79
252.66
251.95
251.9
251.29
251.11
250.18
250.51
250.42
251.84
