313.76
305.19
307.25
313.71
308.06
309.04
309.54
309.89
311.7
310.38
306.59
306.86
304.63
331.45
335.99
332.72
335.03
331.05
335.84
333.2
334.39
333.63
335.79
331.87
332.22
332.97
333.59
331.16
331.76
329.75
330.89
333.12
331.91
330.11
331.83
330.5
332.48
328.1
330.3
330.29
332.26
328.66
329.21
330.15
329.85
328.62
327.7
327.87
329.14
328.54
329.11
329.68
328.28
327.61
329.66
328.25
328.53
308.17
306.66
306.86
306.61
307.55
328.94
327.89
327.76
329.39
328.49
327.29
330.94
327.34
329.39
327.97
327.76
325.97
329.01
329.11
329.25
328.08
328.09
324.5
329.04
327.56
328.13
327.69
326.68
326.23
305.2
308.07
312.82
324.32
328.67
326.83
329.33
330.38
328.44
305.99
306.42
305.63
305.7
306.5
341.9
352.88
351.16
356.11
350.5
352.46
354.02
352.33
352.74
352.72
354.44
350.23
352.35
350.4
352.91
349.95
350.07
348.62
349.34
346.25
347.6
347.02
347.84
346.51
345.13
346.06
345.9
345.48
346.71
343.33
347.57
345.44
346.19
348.31
346.78
346.09
346.37
345.42
345.74
346.36
345.89
344.4
345.59
346.63
346.54
346.81
345.4
346.59
345.56
346.38
347.39
344.74
352.29
348.37
348.54
348.61
347.18
346.86
325.21
323.31
322.12
324.92
323.34
323.5
324.43
324.18
322.86
348.9
348.84
349.96
325.8
324.38
325.5
324.19
324.16
327.31
322.12
324.82
324.01
323.26
325.04
323.18
342.7
322.39
324.0
323.75
323.27
324.8
324.79
324.31
325.61
324.19
322.99
325.8
322.46
324.41
324.27
346.11
349.81
349.26
354.12
325.71
330.29
335.34
334.05
329.73
335.05
331.04
350.18
352.87
336.55
334.09
335.98
354.42
352.29
352.0
352.53
350.86
347.65
350.08
352.33
350.88
332.46
327.45
347.0
351.3
327.99
327.0
327.7
327.78
324.7
325.02
330.12
336.09
347.97
336.02
329.11
326.48
348.99
352.79
351.66
352.26
350.51
351.08
351.59
349.84
348.05
334.98
327.99
338.86
336.24
335.33
335.04
326.61
327.31
347.32
334.01
336.15
326.53
327.94
336.84
329.74
345.81
348.49
349.49
349.97
349.08
350.55
349.23
328.97
327.38
325.91
337.53
337.36
337.26
336.44
327.71
333.64
325.57
331.85
336.82
336.23
338.2
336.87
336.55
350.14
328.13
336.27
327.15
336.43
334.21
344.98
350.72
350.94
349.95
349.96
350.42
350.28
325.41
327.86
341.55
339.57
341.26
338.99
338.4
339.86
338.28
339.45
339.16
335.32
337.9
337.2
330.58
334.02
335.83
332.99
333.47
333.99
332.06
334.77
333.28
331.29
333.46
330.15
331.82
333.42
334.1
333.39
331.18
334.86
334.25
335.63
334.38
333.71
333.44
333.01
331.31
333.04
332.74
332.04
331.52
330.89
332.66
333.88
334.21
328.57
330.52
331.35
330.81
332.36
333.66
333.74
332.65
333.03
332.27
331.14
333.93
331.74
330.74
332.98
331.35
332.31
332.13
332.07
330.8
332.48
331.14
330.66
332.45
331.14
333.92
338.17
332.53
337.94
333.16
335.39
333.32
334.55
327.43
331.33
331.91
329.94
331.14
330.15
332.39
331.19
329.41
331.9
329.72
329.49
331.39
328.34
331.11
330.09
330.71
329.55
331.1
329.82
330.44
331.64
313.79
318.22
315.29
315.86
315.97
314.66
315.12
316.5
316.97
317.14
314.51
315.62
309.4
310.86
309.42
308.67
308.86
309.12
306.2
307.83
309.01
311.66
312.9
309.28
311.75
311.28
311.15
316.29
315.43
315.55
308.29
310.35
306.49
311.29
312.11
312.88
308.98
310.34
311.58
316.07
313.62
313.96
317.0
314.56
316.69
311.36
314.4
313.07
314.65
307.31
309.08
315.1
315.03
314.29
312.94
308.37
308.91
308.46
316.01
314.77
313.99
315.46
316.22
319.07
307.78
314.73
313.08
310.63
312.57
311.91
310.4
314.44
310.97
312.25
311.74
311.69
307.86
313.17
307.78
310.69
312.74
307.77
309.75
312.05
314.9
312.24
315.01
309.61
310.5
313.46
314.89
308.88
310.18
311.66
314.52
313.91
307.65
312.58
316.83
317.42
