352.09
353.19
355.34
352.71
356.27
352.67
354.4
354.51
352.53
352.27
354.29
353.56
352.21
351.81
351.83
350.68
352.47
351.24
351.72
351.34
324.05
344.43
352.73
350.64
351.42
350.74
351.16
350.62
349.4
348.04
351.41
350.93
347.22
349.02
349.47
349.78
322.98
330.98
331.49
327.29
325.55
322.67
330.5
323.41
330.3
329.43
330.07
348.74
351.09
348.61
352.41
351.31
351.51
351.45
349.38
347.89
350.58
348.84
349.59
346.32
347.56
347.11
346.6
348.54
347.97
347.49
348.87
348.41
347.49
347.69
347.21
323.82
322.65
324.78
322.72
343.34
349.42
346.18
346.61
328.5
323.75
324.5
322.38
321.99
322.42
348.7
350.35
350.46
348.71
320.93
323.96
323.23
323.54
323.51
322.64
323.43
349.34
347.34
348.72
351.04
304.76
304.91
309.34
306.33
319.67
320.23
321.09
321.18
320.36
320.24
319.75
319.9
320.82
317.96
303.29
304.21
300.89
301.56
299.42
299.79
297.82
298.51
298.75
298.89
298.19
297.25
299.15
297.23
300.13
299.82
299.37
298.8
318.68
305.23
304.81
306.1
305.2
320.59
300.62
305.66
304.83
306.25
304.75
299.33
299.69
302.14
299.07
298.65
299.97
297.7
298.03
299.68
299.55
299.8
299.72
297.33
302.53
305.9
308.51
305.91
305.78
301.69
307.12
306.09
308.11
324.06
322.79
321.92
321.1
302.74
305.29
304.99
305.21
306.51
304.63
317.15
321.03
319.88
320.43
301.85
323.17
320.13
320.33
320.98
302.28
305.95
321.31
320.08
318.3
319.54
320.28
320.27
319.45
321.52
320.84
321.32
301.71
304.82
319.65
319.62
346.1
349.65
346.4
351.06
474.44
350.88
329.8
323.06
322.49
324.37
333.5
323.29
326.19
347.19
324.25
328.41
322.77
333.18
331.76
324.7
323.06
322.28
329.6
350.03
352.34
349.91
349.41
351.45
349.48
346.45
322.87
323.24
321.33
328.02
322.34
323.81
322.87
351.43
348.7
349.85
349.9
350.17
349.6
349.93
323.82
323.9
321.53
321.49
322.49
323.01
322.66
332.41
322.73
323.7
321.93
330.56
321.95
323.16
321.6
324.59
322.81
324.41
327.36
322.9
346.25
350.19
349.79
350.02
347.52
347.43
347.28
346.0
348.22
346.46
328.54
330.74
330.33
327.56
324.5
327.73
327.53
328.04
326.08
327.1
325.36
324.31
330.02
322.34
323.19
323.65
322.71
321.96
322.43
325.95
327.4
327.21
328.38
329.96
324.36
322.61
328.34
331.02
328.47
329.02
329.06
327.39
324.18
327.28
306.87
309.43
306.89
308.43
302.38
306.86
303.13
303.77
302.92
304.9
303.31
303.02
309.5
308.67
309.47
308.57
308.57
306.0
309.66
306.33
307.85
309.42
301.18
307.37
303.73
307.44
302.87
300.92
306.8
303.92
301.08
301.27
300.53
300.68
302.02
303.69
305.03
309.33
305.22
307.64
311.51
304.74
306.32
306.39
307.68
308.95
300.93
309.06
311.03
312.71
304.72
310.76
309.78
309.08
309.71
304.47
310.93
310.44
308.57
308.19
307.31
307.3
305.01
305.11
300.87
306.62
307.42
302.87
309.36
310.34
306.01
307.21
305.49
307.94
306.73
307.16
308.86
307.96
308.3
306.47
307.41
308.1
308.75
305.1
307.86
310.26
306.78
306.57
308.29
305.86
304.82
308.17
332.83
332.68
330.91
333.02
330.83
333.48
332.68
333.12
328.95
330.16
331.15
329.17
331.68
331.2
335.26
330.03
325.97
327.64
327.53
327.04
328.13
327.47
309.68
310.75
311.82
310.72
308.99
310.45
311.86
308.67
311.46
310.71
312.26
310.42
323.74
308.02
326.51
330.66
330.52
329.62
331.71
329.35
329.85
329.25
331.66
309.85
308.23
309.89
311.31
308.96
311.4
310.52
311.26
311.38
310.02
310.25
333.01
330.54
330.23
310.37
312.06
310.66
312.21
311.69
308.72
310.53
311.99
324.95
329.85
331.54
330.08
311.71
309.75
310.67
311.87
312.57
311.59
312.26
310.7
311.16
310.22
311.1
311.27
308.4
324.76
312.51
312.51
315.03
309.74
311.53
311.09
311.13
312.51
310.74
310.26
310.46
311.57
311.03
311.41
311.36
