598.72
608.6
598.68
598.92
604.64
611.03
609.94
610.1
605.55
606.45
606.14
608.21
602.86
596.11
596.24
604.58
607.52
601.14
602.31
603.31
600.55
602.58
597.04
606.1
600.16
599.73
597.48
603.29
595.81
599.95
598.54
603.21
610.96
612.16
613.57
611.96
611.54
605.29
607.55
598.21
612.04
606.4
601.33
612.71
606.89
606.27
604.19
610.19
600.85
606.17
604.54
607.14
601.46
610.87
598.96
596.01
602.36
595.94
597.88
601.28
598.9
607.9
604.69
600.5
602.81
607.84
608.66
611.49
608.7
610.53
612.41
610.57
607.44
609.48
608.95
606.36
604.98
599.61
600.34
605.8
611.98
604.18
596.74
595.21
609.95
599.3
598.81
599.72
605.87
608.86
610.31
611.85
594.29
598.04
593.6
599.08
601.34
598.09
596.99
614.5
608.82
609.42
608.81
600.85
607.91
607.94
608.12
601.4
612.16
612.72
615.86
599.25
615.37
611.7
621.92
612.62
601.93
603.52
605.38
608.22
606.98
615.86
604.43
603.91
602.8
605.05
610.45
603.5
596.91
596.12
610.56
610.42
598.95
598.07
610.02
597.69
600.08
609.86
609.66
607.73
600.47
599.11
596.55
602.63
610.96
600.3
596.22
602.03
599.99
598.43
599.02
600.16
610.56
614.08
611.95
599.7
599.74
596.83
607.93
610.93
596.48
607.1
613.59
600.37
599.17
598.33
594.51
598.52
600.09
600.52
599.99
601.98
601.17
609.44
593.56
612.31
608.44
599.76
607.52
612.73
610.43
606.79
609.55
607.57
607.67
596.09
598.39
607.35
607.57
610.88
606.45
599.83
602.26
601.0
602.25
611.17
612.85
606.59
610.46
611.72
619.9
613.49
615.52
607.5
613.84
614.71
620.94
617.96
618.29
616.92
616.22
617.03
616.52
618.52
617.15
620.13
616.5
617.55
609.8
626.12
621.63
608.41
615.36
618.7
613.19
615.07
615.87
622.86
620.77
625.25
616.08
617.45
614.76
614.79
624.52
615.31
617.0
625.16
624.92
618.51
622.84
619.47
621.49
615.36
618.08
619.52
625.56
625.08
624.18
625.76
624.35
624.98
618.5
614.98
613.91
616.43
612.23
618.52
612.55
616.05
611.32
615.69
627.21
623.48
629.0
635.98
625.18
624.51
624.22
620.31
619.66
623.1
626.56
625.56
626.3
621.15
617.19
625.82
617.74
618.45
622.98
621.57
623.43
625.36
623.85
617.95
624.29
626.97
621.37
613.42
615.35
612.11
620.16
616.04
618.26
624.97
620.54
617.54
620.92
629.32
613.78
611.74
611.68
609.61
602.84
602.39
600.39
606.08
605.72
600.71
606.06
603.27
606.83
604.83
601.97
605.62
603.83
611.23
613.07
613.92
614.11
625.14
602.76
604.72
602.83
605.11
601.3
602.06
605.71
598.72
598.96
603.82
604.15
598.45
602.86
604.2
602.92
603.79
602.93
598.55
600.03
605.15
607.07
610.02
599.78
613.55
609.15
598.27
599.12
607.65
609.86
594.44
601.0
613.24
605.25
596.8
609.74
609.71
605.04
613.34
607.37
612.9
613.12
610.17
607.7
608.36
610.9
613.46
612.25
613.18
612.26
610.81
600.08
607.83
612.96
609.8
608.16
610.31
612.4
607.93
597.85
598.42
602.84
596.71
598.32
599.16
607.76
598.73
612.6
611.92
599.4
599.01
599.32
604.05
614.38
599.69
610.65
600.87
598.94
598.33
614.64
610.15
604.64
605.92
603.89
604.56
600.17
605.71
601.15
601.29
599.99
602.3
610.3
608.39
603.47
607.67
612.28
609.22
610.06
604.42
614.13
613.75
611.87
609.63
608.37
607.72
608.54
596.44
605.41
598.69
597.46
601.52
603.32
600.29
594.89
599.92
602.99
605.99
601.7
603.07
598.97
605.75
602.21
598.9
601.85
600.35
597.09
598.15
596.8
600.34
595.95
592.2
594.27
595.66
598.41
598.04
601.1
606.62
602.8
598.02
599.48
602.02
599.77
602.34
609.94
594.51
596.56
593.73
595.08
600.37
595.27
598.92
599.73
602.44
609.84
611.14
597.71
596.25
609.17
607.77
606.57
594.55
597.74
605.2
594.35
609.67
604.92
595.57
599.61
597.54
594.26
598.52
604.59
607.05
607.41
596.29
593.88
598.79
600.29
600.1
