578.37
577.28
571.52
572.42
572.97
580.75
565.08
568.83
570.99
570.54
570.02
570.45
570.34
580.36
571.34
569.86
577.28
585.9
578.07
576.96
572.08
569.43
577.8
582.52
581.43
579.03
580.54
567.8
575.23
579.74
578.65
578.68
567.57
569.88
573.14
571.95
570.17
601.89
581.79
578.95
573.91
577.91
569.54
569.23
576.13
582.72
576.89
578.17
576.94
578.24
571.87
570.07
572.74
577.01
567.64
568.89
570.17
570.36
582.23
571.16
570.98
571.55
569.87
570.89
567.05
568.84
567.3
575.2
564.3
570.65
568.89
569.3
573.33
574.17
569.4
567.76
568.63
566.12
564.38
566.39
567.65
570.36
567.68
571.82
563.79
562.86
566.49
569.41
565.31
570.74
568.17
564.87
573.76
566.62
568.18
569.19
571.7
569.1
567.82
566.72
580.98
586.98
581.77
582.15
580.6
583.01
583.41
582.75
580.07
583.3
579.63
578.97
582.16
580.6
580.98
585.83
584.15
583.94
583.76
584.33
585.74
582.74
594.79
587.72
581.39
581.16
577.25
575.18
581.04
582.62
580.81
582.42
578.48
582.87
576.59
582.18
586.3
578.06
579.41
587.04
581.75
579.81
579.63
583.3
578.5
585.0
579.36
585.5
579.52
582.66
582.31
582.45
576.97
579.06
579.5
581.04
578.21
581.12
583.46
583.37
582.75
576.29
581.98
583.66
583.05
584.86
581.06
580.32
581.28
584.36
580.58
581.4
583.66
579.2
583.11
584.59
584.95
578.54
579.81
582.42
583.07
577.79
581.43
582.6
579.56
580.34
577.51
585.35
581.9
575.75
581.81
581.42
580.94
580.77
587.02
580.73
581.3
578.62
584.13
586.55
583.07
575.95
580.34
581.66
568.23
577.71
572.4
570.81
568.98
576.07
571.18
573.61
577.12
594.32
568.21
569.28
570.52
573.41
577.68
583.47
572.11
568.61
576.07
572.95
579.23
577.51
581.34
580.93
576.1
580.99
580.5
584.56
582.63
578.49
584.36
581.33
581.39
582.82
579.65
579.31
578.83
589.04
583.81
579.41
581.31
583.93
579.46
580.02
577.97
578.26
571.42
569.71
568.8
568.65
570.04
572.42
565.5
574.7
575.95
577.19
573.14
571.85
574.63
570.67
569.05
575.86
572.39
569.67
571.17
574.81
578.47
575.34
571.69
578.11
571.66
569.77
571.79
568.68
574.72
585.32
572.44
565.98
572.96
570.9
573.65
570.17
571.29
568.77
572.25
570.31
573.16
576.17
565.64
573.51
571.14
566.23
578.13
570.91
571.07
570.72
584.36
579.72
579.08
573.85
570.95
575.94
571.68
574.24
573.36
574.03
574.32
581.16
583.46
586.68
584.02
582.17
577.56
581.2
581.84
576.62
576.43
575.44
575.02
579.24
583.32
583.52
583.3
578.9
580.03
585.76
582.13
583.89
575.94
572.2
575.96
575.3
572.41
570.43
574.69
576.95
573.26
577.44
581.95
582.73
580.68
580.54
574.84
577.42
577.48
577.01
576.23
576.92
577.49
581.15
573.23
576.21
577.06
581.72
583.35
582.95
583.64
582.83
575.57
574.06
579.68
575.3
575.39
576.79
571.0
579.07
585.79
602.25
582.94
583.58
581.95
579.38
573.88
583.0
573.16
581.83
581.28
581.27
577.65
574.65
572.72
571.57
571.78
574.44
568.31
574.82
571.71
574.33
579.16
570.0
571.74
572.85
581.8
579.22
580.18
578.54
578.99
587.84
583.77
583.42
583.07
586.0
581.92
584.76
583.01
588.83
588.59
590.76
589.43
587.45
579.8
589.24
584.15
593.51
589.67
593.78
594.02
589.4
582.26
596.7
579.63
578.53
576.11
577.85
577.5
584.91
581.25
583.17
578.82
576.69
571.09
575.94
581.28
576.26
572.84
577.0
578.45
577.41
578.01
585.19
588.88
585.47
580.73
579.14
574.59
581.79
582.82
578.91
577.49
578.58
577.8
580.78
573.89
572.69
575.79
576.07
573.1
572.52
577.36
575.23
575.78
578.2
575.23
575.33
581.55
583.74
581.09
583.18
576.68
574.62
575.43
579.43
574.19
581.28
575.49
583.76
584.89
579.09
582.4
578.33
574.85
574.07
577.3
576.34
576.67
568.73
578.27
576.6
577.37
570.57
578.81
576.08
576.3
567.22
575.91
579.79
