1034.9
1012.71
1028.36
1028.07
1005.06
1013.38
1003.21
1003.98
1011.34
1029.04
1024.51
1034.75
1025.91
1020.59
1030.77
1028.65
1013.88
1000.41
1017.17
999.3
1002.1
1011.56
1002.2
1007.3
1005.67
1024.81
1027.72
1030.39
1026.03
1001.73
1012.73
1024.49
1025.3
1001.56
1020.54
1019.23
1008.33
1024.0
1019.71
1022.14
1002.06
1006.81
1005.3
1022.8
1023.72
1020.61
1023.92
1013.78
1006.33
1022.38
1014.75
1005.74
1020.13
1005.94
1022.34
1024.47
1021.77
1026.0
1020.76
1018.18
1023.06
1015.28
1017.67
1021.96
1017.32
1020.35
1008.72
1000.6
1023.63
1023.68
1007.66
1022.91
1003.03
1026.54
1022.44
1021.6
1030.51
1006.16
1002.36
1018.81
1009.09
1013.02
1007.16
1019.87
1021.42
1024.29
1002.39
1013.64
1003.84
1010.49
1004.02
1031.62
1019.76
1004.27
1009.43
1008.21
1008.45
1022.81
1022.28
1024.3
1124.68
1117.75
1116.01
1120.94
1100.45
1108.01
1120.37
1102.02
1106.27
1103.11
1102.47
1124.81
1119.93
1110.32
1100.74
1100.15
1101.2
1111.27
1094.27
1111.38
1109.47
1106.15
1096.23
1099.82
1094.58
1106.63
1100.03
1101.42
1101.8
1095.86
1123.97
1118.15
1106.5
1098.33
1097.93
1111.91
1110.96
1090.67
1098.98
1114.56
1103.96
1107.6
1121.57
1102.19
1121.15
1115.89
1114.1
1093.37
1102.86
1109.95
1109.32
1099.81
1099.34
1105.31
1109.97
1113.37
1102.27
1101.49
1099.85
1125.37
1100.39
1117.19
1097.09
1113.48
1109.98
1104.53
1099.41
1104.1
1117.26
1120.4
1129.62
1122.98
1099.82
1103.66
1106.84
1094.73
1131.0
1122.19
1122.81
1097.85
1102.7
1111.75
1098.07
1104.32
1123.22
1103.92
1108.06
1106.61
1102.27
1104.08
1124.29
1114.41
1102.54
1107.9
1097.58
1112.8
1138.55
1120.79
1127.36
1118.49
1118.14
1122.05
1127.97
1123.01
1128.02
1110.92
1120.44
1122.26
1116.35
1137.09
1121.01
1125.43
1135.92
1107.84
1115.32
1145.53
1117.74
1119.38
1110.46
1131.37
1123.7
1116.42
1115.84
1112.31
1115.06
1120.3
1121.18
1127.04
1127.82
1118.71
1113.52
1116.24
1113.81
1132.31
1138.68
1112.24
1114.24
1118.28
1118.08
1112.41
1122.06
1115.51
1131.18
1117.28
1136.32
1135.3
1123.23
1117.86
1120.41
1122.13
1125.35
1135.86
1134.45
1140.49
1132.95
1135.22
1121.18
1132.33
1128.59
1134.61
1120.87
1124.11
1130.82
1131.29
1138.42
1140.12
1139.7
1143.06
1141.17
1130.16
1135.2
1132.58
1138.43
1138.38
1131.84
1115.43
1115.62
1118.66
1140.96
1139.86
1139.06
1146.36
1115.21
1107.61
1145.55
1129.69
1141.7
1135.52
1143.56
1162.87
1117.05
1116.81
1134.96
1123.83
1115.46
1122.61
1120.72
1113.26
1112.56
1120.93
1118.19
1165.47
1125.59
1157.63
1118.92
1126.05
1116.57
1121.0
1122.53
1119.5
1134.39
1150.59
1131.46
1137.73
1123.98
1139.95
1139.78
1144.13
1134.54
1130.89
1134.73
1140.78
1134.58
1134.86
1141.72
1137.15
1133.39
1144.79
1137.82
1142.62
1133.36
1134.99
1137.05
1141.4
1131.81
1135.32
1135.93
1143.34
1131.66
1130.59
1136.19
1136.33
1125.94
1128.0
1133.09
1129.54
1134.35
1130.9
1129.6
1131.11
1131.7
1134.6
1136.51
1138.11
1109.83
1134.13
1137.26
1134.32
1129.76
1115.51
1114.52
1108.56
1123.49
1119.73
1114.42
1109.72
1113.98
1116.41
1151.3
1106.84
1104.84
1113.03
1135.16
1133.96
1133.61
1138.03
1139.15
1131.99
1141.7
1137.85
1135.05
1140.19
1165.55
1155.84
1153.09
1139.2
1133.45
1128.92
1134.52
1116.05
1106.04
1131.58
1130.54
1126.3
1110.87
1112.7
1124.77
1137.95
1125.75
1137.12
1009.13
1028.04
1031.6
1033.81
1031.12
1028.06
1027.42
1034.22
1030.29
1012.19
1022.56
1021.0
1018.08
1024.35
1016.58
1038.54
1030.73
1012.97
1044.18
1023.65
1035.79
1035.89
1005.5
1016.04
1031.54
1031.97
1028.89
1033.64
1038.24
1030.51
1022.99
1030.95
1029.02
1034.28
1029.31
1032.59
1029.9
1024.51
1010.22
1023.3
1023.79
1025.26
1012.34
1014.39
1039.52
1030.17
1016.32
1035.67
1030.99
1027.9
1032.09
1027.18
1034.04
1030.68
1026.02
1018.95
1009.22
1014.87
1022.65
1016.26
1029.76
1032.85
1029.8
1029.15
1032.39
1038.33
1035.84
1038.17
1029.63
1034.22
1040.62
1028.41
1029.65
1037.76
1025.71
1031.34
1021.86
1012.74
1027.03
1029.17
1034.68
1013.36
1012.55
1024.61
1032.94
1007.47
1019.05
1014.69
1045.06
1025.57
1027.61
1029.42
1030.78
1025.68
1028.65
1026.85
1020.34
1031.72
1036.99
1016.77
