1056.04
1055.33
1060.51
1052.63
1048.83
1052.84
1055.65
1052.75
1046.19
1049.59
1057.7
1049.0
1053.91
1049.77
1044.1
1048.69
1052.94
1025.25
1049.07
1047.58
1043.26
1051.17
1047.13
1052.65
1047.13
1065.37
1051.88
1057.29
1043.99
1051.44
1042.62
1046.39
1052.93
1053.36
1047.46
1052.74
1048.34
1046.26
1038.01
1049.23
1049.4
1052.6
1056.17
1047.57
1043.71
1035.19
1050.5
1038.95
1047.23
1059.71
1046.64
1053.57
1048.47
1054.95
1032.89
1037.28
1045.37
1040.67
1034.09
1025.99
1032.16
1036.48
1032.77
1038.3
1052.13
1053.08
1045.4
1055.67
1044.01
1038.62
1032.76
1063.24
1043.43
1053.23
1031.46
1045.35
1060.19
1026.22
1031.78
1049.45
1035.15
1052.85
1031.36
1031.86
1022.49
1026.36
1033.76
1048.46
1057.11
1031.77
1031.18
1049.79
1055.77
1047.32
1032.24
1028.21
1029.07
1031.67
1053.08
1041.84
1079.78
1083.56
1053.61
1059.84
1058.3
1062.91
1063.83
1060.49
1055.08
1059.9
1073.15
1058.47
1057.87
1068.94
1062.33
1055.47
1051.67
1075.36
1074.9
1075.05
1073.08
1081.09
1071.83
1056.06
1057.41
1072.36
1052.26
1055.69
1050.31
1051.49
1074.14
1073.12
1078.41
1067.09
1056.07
1082.04
1067.3
1078.06
1094.22
1094.65
1063.87
1053.09
1054.49
1054.12
1082.55
1069.28
1049.25
1055.02
1069.81
1063.05
1054.01
1053.22
1058.68
1059.28
1074.54
1055.13
1087.61
1087.0
1060.8
1053.76
1059.04
1064.33
1060.53
1051.93
1051.13
1050.86
1064.23
1062.46
1058.01
1061.09
1054.93
1082.86
1078.28
1071.92
1089.9
1058.33
1069.34
1060.78
1072.46
1067.33
1063.7
1072.66
1085.06
1076.69
1072.09
1071.94
1053.69
1062.42
1061.94
1063.06
1069.34
1071.14
1072.18
1057.98
1063.36
1056.6
1074.02
1049.96
1071.88
1073.69
1027.21
1028.09
1024.56
1009.57
1007.11
1009.21
1010.36
1029.81
1035.5
1001.43
1010.33
1016.3
1018.87
1013.8
1007.89
1014.5
1004.35
1018.13
1013.39
1001.99
1014.49
1011.88
1027.77
1031.42
1029.86
1017.81
1015.73
1004.53
1002.69
1008.97
1009.12
1015.36
1008.23
1030.4
1027.86
1044.79
1033.5
1001.31
1008.14
1027.83
1001.03
1004.12
1000.42
1002.32
1025.13
1014.2
1005.74
1007.63
1009.13
996.89
1002.24
999.18
1010.64
1007.28
1006.66
1011.56
1009.16
1019.43
1007.09
1000.67
1001.5
996.39
1000.69
1008.78
1009.26
1012.23
1010.27
1006.7
1010.82
1003.59
1012.82
997.73
1010.84
1007.15
1000.57
1002.87
1007.59
1002.02
1011.84
1013.21
1000.6
1001.77
998.58
1009.14
1014.87
1012.68
1000.17
1001.95
1017.45
1005.69
1008.05
1007.2
1014.58
1007.03
1006.13
1000.07
998.46
1013.62
1016.5
1019.24
1155.26
1153.32
1149.79
1136.84
1141.6
1142.61
1135.27
1139.78
1138.53
1158.66
1153.53
1131.17
1149.72
1135.44
1141.54
1139.84
1141.15
1153.81
1156.39
1158.05
1138.31
1136.25
1152.09
1135.58
1140.98
1164.65
1161.61
1151.81
1143.95
1153.69
1145.92
1152.47
1145.13
1151.73
1138.84
1130.3
1138.26
1169.97
1154.91
1155.3
1159.42
1158.37
1153.81
1159.72
1159.37
1153.98
1163.95
1137.98
1156.46
1157.27
1157.07
1156.43
1153.82
1161.71
1160.13
1162.96
1159.88
1156.68
1161.34
1155.61
1160.21
1159.87
1159.55
1159.36
1150.01
1151.44
1149.23
1127.87
1143.38
1170.89
1133.29
1138.24
1154.75
1160.72
1170.76
1158.07
1155.38
1129.83
1145.54
1148.29
1159.35
1162.47
1144.94
1148.56
1149.72
1157.79
1137.66
1158.92
1154.38
1157.23
1142.97
1161.72
1135.54
1130.39
1137.03
1129.67
1143.99
1152.03
1151.12
1165.58
1150.76
1166.58
1174.31
1170.34
1160.73
1156.09
1182.5
1180.21
1175.87
1176.47
1175.02
1171.67
1174.28
1178.23
1183.36
1170.15
1175.76
1178.54
1171.07
1175.65
1174.74
1159.12
1152.49
1159.39
1169.68
1152.86
1177.81
1164.68
1149.99
1171.77
1172.67
1152.79
1174.71
1170.65
1170.21
1171.02
1167.96
1165.99
1171.39
1173.89
1173.61
1157.63
1152.9
1167.13
1171.35
1162.57
1184.69
1175.48
1169.7
1170.14
1170.77
1182.91
1170.07
1160.86
1163.37
1169.04
1171.1
1161.09
1157.0
1160.27
1170.44
1174.82
1163.5
1167.24
1171.98
1175.9
1172.8
1171.49
1173.08
1178.03
1173.58
1181.23
1174.9
1168.65
1150.06
1149.13
1172.22
1172.06
1178.17
1158.06
1169.4
1174.66
1167.84
1154.56
1171.15
1169.62
1169.78
1175.95
1153.43
1173.93
1149.82
1151.23
1195.6
1170.5
1168.27
1174.3
1173.38
1176.85
1164.58
1169.35
