742.67
742.78
740.07
741.03
740.02
740.56
793.75
794.38
797.99
758.71
746.56
756.6
755.94
755.38
754.88
804.78
803.5
754.15
801.57
805.56
801.48
805.39
804.63
804.0
742.67
804.85
805.7
798.93
793.34
800.36
741.41
789.2
788.02
738.92
743.73
803.27
797.92
742.92
748.12
749.64
747.41
799.12
762.57
802.65
805.01
801.95
800.35
806.13
795.84
802.12
804.56
746.65
746.35
747.48
749.56
742.57
804.68
807.2
745.95
805.5
745.28
742.75
811.11
807.74
802.46
746.94
744.75
745.61
807.76
810.55
807.38
764.87
745.09
807.59
802.91
797.21
795.72
801.23
756.97
743.6
756.79
762.47
760.15
747.82
762.15
764.1
799.16
762.33
796.36
760.61
764.37
795.38
801.24
756.65
760.14
759.76
754.22
759.55
759.26
761.93
814.86
811.87
809.04
812.94
809.5
765.21
767.01
807.2
762.59
812.66
810.93
809.36
808.61
760.43
771.49
764.93
809.02
765.52
765.41
766.93
764.54
768.38
770.37
815.41
767.47
760.33
788.72
753.87
767.06
769.82
765.49
763.41
756.41
769.61
760.1
796.55
797.98
803.85
822.85
827.42
821.72
817.47
818.29
821.51
754.84
751.98
818.71
757.72
809.11
807.72
760.05
807.44
802.78
810.35
755.67
802.58
813.16
811.7
804.2
811.9
808.16
747.54
769.22
807.9
761.62
766.29
766.48
765.23
805.42
808.85
761.85
766.85
764.78
818.51
815.88
758.58
766.65
764.14
807.26
812.78
812.54
806.29
803.12
808.88
802.44
804.96
811.46
806.25
811.24
807.75
807.44
763.45
768.17
760.49
806.74
806.18
803.59
807.96
803.53
808.46
804.55
802.07
803.13
805.57
852.29
799.64
843.48
839.89
854.0
843.37
841.95
840.55
850.44
849.88
850.46
851.13
848.37
844.62
847.17
845.46
839.78
846.26
850.01
837.62
844.86
851.94
838.91
838.69
842.42
846.89
847.09
840.85
851.35
791.06
797.12
798.75
803.1
838.28
841.86
845.5
841.59
789.01
788.54
800.41
850.4
858.14
847.29
846.86
847.03
845.09
844.47
840.88
789.61
842.94
836.85
796.36
840.72
795.83
797.99
799.19
840.48
839.53
842.8
837.51
836.79
835.98
796.55
834.82
796.19
798.92
800.06
798.34
799.24
840.06
799.44
844.17
792.57
796.42
839.55
842.22
796.24
802.42
796.21
843.28
837.83
795.8
797.86
838.1
798.68
805.62
803.32
843.52
791.77
789.24
791.77
789.13
848.92
803.32
783.81
840.78
745.22
723.95
726.23
729.97
750.54
741.92
741.98
792.46
788.07
790.93
792.62
787.85
787.55
783.16
735.25
738.89
782.26
780.36
780.05
725.31
727.31
785.96
747.83
780.55
784.9
776.4
779.96
777.25
775.3
777.85
773.14
739.92
736.26
768.28
774.68
781.29
778.2
779.73
782.51
782.5
770.9
773.7
774.04
773.85
770.13
773.49
771.76
781.58
770.14
767.36
780.71
783.4
777.96
777.46
774.2
772.73
780.42
726.81
723.32
728.77
729.67
722.51
724.65
725.92
727.17
728.66
729.01
725.62
725.16
727.46
736.32
746.19
741.78
740.12
727.68
785.05
727.36
723.03
729.63
723.34
723.34
784.6
738.4
784.12
786.23
742.25
783.41
724.56
776.31
729.06
778.44
724.72
775.78
724.3
778.67
776.63
775.89
775.43
775.61
725.09
820.86
830.97
846.01
819.17
886.05
872.97
882.31
878.79
883.66
818.6
820.63
825.99
870.0
884.93
878.31
860.23
863.62
866.83
879.07
879.98
873.44
875.73
880.11
862.94
824.37
843.96
874.21
875.45
872.99
875.76
870.66
871.56
821.56
814.09
818.51
871.14
840.27
821.47
819.44
819.49
819.69
819.64
821.08
880.51
880.55
879.93
874.39
876.47
839.93
860.5
840.58
870.07
817.55
819.81
814.79
832.1
874.16
828.5
872.28
834.94
830.95
869.96
876.8
880.22
879.25
877.32
871.81
876.61
864.05
862.84
814.55
818.12
823.73
814.66
864.53
822.48
820.28
817.63
819.55
822.5
814.28
821.05
816.83
827.57
828.87
874.24
868.88
819.79
819.59
870.08
829.36
874.45
878.62
874.11
878.68
881.49
878.78
876.57
873.3
877.46
