514.43
515.77
512.53
544.22
512.47
513.81
513.17
547.69
514.45
515.48
514.67
545.4
509.4
513.17
514.3
546.33
538.39
543.82
511.52
512.9
513.9
536.85
515.62
518.18
517.17
517.96
516.02
518.45
516.59
542.14
544.09
545.74
542.15
546.8
545.27
544.5
546.61
544.22
543.88
540.9
541.56
540.53
541.48
544.11
539.27
543.93
542.35
540.46
540.73
511.75
513.29
513.7
514.23
514.52
511.01
515.92
513.59
514.11
515.64
507.8
514.13
515.66
515.02
517.19
512.57
510.69
508.99
517.41
518.05
515.88
517.01
518.33
515.68
515.68
510.37
519.24
515.55
515.23
516.19
515.17
516.43
516.66
519.89
508.59
510.58
516.8
516.35
516.45
517.2
517.71
519.72
515.64
518.59
516.55
517.94
514.69
519.4
516.56
515.95
516.41
539.91
536.74
539.64
541.62
537.23
532.97
538.92
538.93
505.46
538.27
538.83
536.64
539.09
538.36
538.0
534.08
537.91
535.59
539.31
506.27
536.27
521.09
520.14
522.3
545.62
548.09
546.63
550.46
515.91
512.4
515.25
522.38
557.75
515.01
555.31
551.65
551.1
551.09
547.99
551.47
551.74
549.94
511.59
549.51
549.48
552.19
548.96
550.34
544.25
513.61
514.31
513.09
543.26
513.95
512.02
512.19
513.0
548.24
545.7
543.06
544.62
546.03
546.4
520.48
548.03
546.13
547.43
544.55
519.15
547.15
547.46
549.51
520.93
544.73
548.12
550.61
549.1
513.88
515.56
516.31
518.3
521.01
511.48
544.81
548.11
552.78
515.13
513.02
550.13
547.6
512.69
516.62
539.52
546.72
546.59
546.83
542.56
545.33
513.82
514.9
494.92
494.41
493.87
493.81
495.75
496.18
504.56
509.36
528.79
528.79
527.84
497.09
528.19
530.22
497.17
494.37
495.45
495.27
495.0
495.28
494.87
496.14
504.5
539.25
540.79
503.11
504.21
505.54
511.79
533.35
523.6
544.85
542.0
516.01
507.93
515.74
547.84
544.94
515.19
546.46
546.07
513.96
543.54
545.99
544.55
515.0
516.36
544.59
543.12
544.71
544.37
543.52
540.47
539.01
542.86
509.77
541.36
510.32
544.65
544.66
542.62
509.78
511.79
513.0
515.15
514.52
543.83
543.99
512.51
511.19
513.2
519.25
506.16
508.02
509.88
542.69
541.92
543.08
507.06
506.7
507.77
545.68
543.73
546.64
507.25
541.3
515.58
515.96
513.87
514.52
515.31
535.07
542.22
539.38
513.22
540.82
540.12
513.49
512.92
517.95
510.36
509.83
550.13
552.05
512.27
509.58
510.74
510.03
552.97
517.54
518.02
518.02
514.65
518.19
518.9
517.09
517.41
518.72
518.12
518.35
515.53
543.53
514.65
516.01
538.97
572.35
539.63
539.24
515.04
515.02
540.68
540.66
515.68
513.94
515.62
514.94
536.52
511.82
515.26
515.4
514.39
540.93
539.86
541.52
541.65
538.62
511.77
516.34
517.23
515.84
515.61
544.55
511.28
541.02
543.28
542.19
541.53
512.36
513.42
517.08
507.81
516.81
515.33
514.07
513.48
507.8
506.44
515.68
515.99
514.06
512.35
517.57
514.33
544.53
516.54
518.28
515.86
503.72
513.61
541.67
544.32
544.92
538.83
542.78
541.27
548.22
539.51
540.52
540.56
540.74
509.02
514.66
515.31
514.12
515.84
517.11
515.47
513.55
513.21
515.54
541.17
539.14
540.09
538.48
539.62
536.42
538.67
539.57
539.68
540.78
539.16
537.99
539.88
536.32
536.58
506.72
538.43
538.7
504.88
513.12
513.07
504.19
546.71
546.47
540.57
540.21
507.88
510.06
518.75
516.81
516.38
519.13
519.02
518.1
517.2
508.53
508.03
506.86
506.43
519.47
509.23
510.18
511.27
514.78
515.58
517.23
516.53
517.21
507.45
510.12
517.17
518.63
517.22
521.37
516.92
512.19
517.83
515.15
545.09
551.24
547.97
548.46
545.98
543.08
509.64
542.2
508.9
540.05
509.56
509.07
508.75
523.86
509.99
507.53
547.22
546.84
542.02
544.66
544.19
541.9
541.1
539.49
544.11
541.1
542.06
541.41
542.16
508.8
509.44
507.63
508.33
509.26
510.53
547.82
545.24
511.74
515.19
514.36
514.88
542.46
