479.86
478.59
478.28
475.98
506.27
506.13
504.58
483.49
478.53
476.64
479.98
477.84
477.5
480.5
478.74
479.55
478.64
478.26
508.93
479.99
476.6
476.29
489.17
514.92
514.96
519.68
517.25
515.01
515.67
511.92
512.22
514.46
511.74
516.18
485.08
484.61
486.44
512.8
513.25
486.04
485.03
486.37
488.22
488.18
513.66
484.59
519.18
519.17
520.67
516.83
515.23
483.87
480.12
488.03
489.09
479.0
483.55
481.54
479.02
479.93
478.49
479.35
481.82
488.89
486.91
489.03
488.29
488.58
488.59
489.35
490.41
489.28
489.0
488.07
479.85
489.44
489.14
522.59
520.47
518.74
484.26
520.92
518.96
519.45
517.92
517.23
487.01
486.21
519.02
480.05
479.45
481.27
479.83
479.12
480.08
481.78
522.16
481.79
516.81
521.8
486.17
488.24
486.33
517.35
482.45
482.19
516.17
519.84
512.15
514.56
516.88
484.05
513.7
487.16
515.41
514.03
515.55
516.27
516.22
514.6
514.67
491.19
516.15
511.88
512.76
514.41
515.12
517.01
516.19
516.5
515.83
515.8
512.44
514.79
511.79
512.53
510.55
511.86
511.23
510.93
481.24
485.64
481.85
479.69
479.97
482.14
481.25
482.71
480.48
479.12
517.32
517.72
515.6
481.61
480.67
515.93
516.46
515.84
516.46
514.28
480.03
516.83
513.86
516.49
515.35
481.54
516.54
512.82
516.35
517.36
479.91
515.75
512.17
511.28
513.27
513.51
514.55
515.17
513.85
514.08
511.42
512.02
510.55
512.64
512.15
510.89
484.09
484.09
485.15
486.21
509.6
515.29
515.08
514.17
514.02
486.29
514.84
480.98
484.35
481.78
475.05
512.26
477.8
509.57
506.98
477.34
475.87
515.43
513.77
483.64
510.94
483.7
485.97
485.9
485.3
484.35
485.98
484.87
486.93
513.42
515.03
511.48
522.02
521.43
521.35
518.65
518.19
521.12
521.19
516.06
518.4
520.57
518.28
515.95
489.36
491.88
493.04
493.68
492.61
518.38
492.95
519.01
519.83
522.8
522.95
524.06
492.16
491.85
491.24
519.01
491.34
491.69
492.88
492.49
494.91
487.26
487.16
493.3
492.84
485.79
484.21
486.19
485.74
487.74
493.71
499.63
521.07
521.68
521.08
518.97
485.68
517.79
484.95
515.56
518.81
486.58
486.02
484.48
521.16
492.33
523.75
523.94
519.24
493.95
493.4
526.2
521.99
522.85
521.41
520.3
518.88
518.92
516.85
521.66
491.5
491.98
493.55
519.98
521.54
521.14
508.65
511.18
508.54
508.27
484.52
512.6
482.16
483.1
505.95
475.95
508.62
512.23
511.3
508.29
511.23
477.45
505.53
477.72
476.85
479.1
476.63
477.63
486.48
515.82
484.32
515.57
518.18
516.92
518.65
487.78
491.34
494.08
485.63
486.43
494.82
485.2
484.83
494.65
491.83
485.55
485.92
486.23
483.86
491.41
487.0
519.5
519.78
519.69
520.71
519.37
519.52
519.67
518.24
519.64
516.39
517.31
518.24
515.15
519.0
517.48
522.6
518.34
512.94
513.74
514.69
514.43
515.68
512.78
515.62
518.67
517.57
517.25
519.25
514.59
514.64
516.07
514.69
521.17
518.29
515.58
512.49
511.46
513.8
515.36
512.26
512.88
512.82
512.18
511.67
516.89
518.53
508.4
518.48
517.89
513.12
512.55
512.6
513.45
512.74
512.28
492.5
494.41
495.35
493.16
529.86
527.45
529.03
491.68
521.04
493.25
493.97
492.71
529.43
530.92
530.46
493.4
492.97
528.22
493.97
492.61
492.75
528.04
525.76
527.58
496.94
500.39
500.79
529.67
529.3
527.33
524.64
525.45
523.04
528.23
526.82
521.2
527.57
526.65
492.86
524.87
526.3
524.66
525.38
526.37
524.6
525.57
526.81
491.0
523.47
491.57
525.75
525.45
525.15
516.96
518.79
520.76
521.77
495.48
523.21
498.14
520.19
521.25
521.77
523.34
523.19
499.32
498.81
497.71
499.14
498.65
500.8
522.55
499.19
496.04
499.39
499.87
528.81
528.23
525.94
495.89
528.51
528.68
493.14
492.81
492.7
492.38
490.95
491.87
491.84
531.6
528.61
527.95
494.59
499.57
491.67
499.68
498.87
491.64
497.54
499.8
