810.11
813.68
768.46
811.78
809.55
814.26
817.0
814.32
808.43
809.46
804.63
782.99
807.76
805.45
808.08
810.97
812.08
808.1
813.67
813.55
752.14
775.42
810.19
811.54
775.04
759.29
816.54
814.15
757.26
779.88
756.92
780.12
809.62
813.6
828.19
825.62
762.32
759.04
759.57
823.01
760.2
820.23
820.21
755.51
820.91
823.32
765.94
826.0
822.2
822.77
775.67
821.27
758.53
819.59
821.67
820.79
811.13
810.18
811.36
809.59
810.39
810.23
814.85
814.55
810.89
824.48
827.99
822.27
823.64
819.67
821.27
819.95
820.2
817.4
766.61
759.01
762.58
771.65
771.02
772.69
774.55
762.82
788.76
788.93
782.94
783.96
764.67
777.17
759.27
775.55
779.9
778.63
776.06
774.71
769.71
760.85
776.5
775.36
787.48
759.86
772.92
775.02
728.98
730.35
781.34
784.87
780.23
732.41
728.21
736.15
772.71
773.82
775.9
771.61
777.1
771.97
733.27
771.11
736.12
772.06
769.44
727.8
733.87
772.29
721.28
766.58
733.9
736.07
733.37
771.36
773.57
767.34
718.68
774.67
773.17
717.75
772.17
720.62
720.24
721.08
732.37
775.04
730.49
733.07
733.05
732.94
732.01
731.38
733.27
768.85
732.48
732.98
730.74
770.1
730.55
728.83
771.95
772.46
775.38
769.1
769.15
776.76
771.23
777.47
777.05
732.01
732.28
766.94
771.51
771.84
771.87
771.39
766.97
770.62
772.73
766.83
720.25
765.87
767.6
765.94
718.37
768.32
729.65
729.77
728.14
769.51
731.51
728.51
771.01
730.23
772.14
775.51
766.29
770.1
767.17
770.59
769.16
766.24
770.82
722.09
732.23
737.02
739.08
794.59
799.52
802.15
790.47
787.01
790.07
790.44
790.07
787.09
783.59
785.18
803.11
798.93
794.12
798.54
744.86
750.27
787.36
783.9
787.96
746.7
752.34
748.01
746.89
751.36
750.41
744.55
749.6
785.59
790.53
795.9
798.6
748.06
748.69
749.04
748.46
747.94
748.49
794.93
789.42
787.25
789.89
789.74
786.89
786.17
793.12
787.18
785.65
791.85
791.54
796.05
797.75
731.83
733.62
738.17
735.62
734.68
786.37
788.12
733.78
739.09
735.06
735.21
789.64
790.97
737.32
737.27
736.67
768.49
790.62
766.38
747.69
791.11
789.4
748.18
749.1
798.15
738.47
735.52
768.53
766.34
748.43
754.78
750.95
751.72
751.42
747.8
750.64
751.11
747.3
764.54
753.43
751.25
749.14
752.72
747.1
747.03
763.45
765.15
765.14
764.76
764.54
758.93
716.67
760.19
760.36
762.21
711.45
714.2
762.28
714.74
755.3
716.91
765.49
760.37
756.97
762.04
762.45
759.69
711.13
755.94
760.2
709.11
708.16
717.79
712.51
711.55
714.57
712.01
715.62
752.95
713.46
711.03
747.53
750.82
751.69
747.9
748.18
755.57
754.01
707.2
713.26
708.96
716.45
714.25
746.24
719.79
751.47
704.99
726.38
723.08
713.67
762.04
709.62
715.91
713.18
717.96
717.38
716.31
759.61
757.94
706.86
709.68
758.02
757.04
761.22
713.19
757.26
712.03
715.01
715.04
717.96
762.11
758.08
758.31
712.59
715.69
713.08
713.27
715.18
715.68
757.31
718.73
760.39
712.36
758.17
762.79
702.59
701.38
704.55
699.68
714.43
707.05
726.14
707.41
716.73
703.14
803.43
871.42
866.93
865.11
860.44
859.47
796.37
814.99
812.01
862.26
802.12
798.86
796.1
861.18
858.55
855.87
849.18
848.1
809.93
802.74
804.76
806.2
861.1
861.78
861.18
858.66
860.19
807.1
855.2
856.09
850.47
804.06
803.82
808.68
807.36
805.98
803.88
814.59
811.58
798.8
839.63
809.85
796.45
846.08
834.45
798.87
832.18
797.14
800.94
800.57
797.91
837.61
839.38
843.45
846.72
859.78
852.21
796.31
820.88
799.85
798.81
800.98
797.8
828.61
850.58
853.94
859.94
859.5
858.55
853.48
799.67
835.37
863.05
856.52
860.36
832.72
855.91
859.89
807.1
811.47
861.25
806.25
807.96
800.62
806.5
857.75
862.02
860.56
862.94
856.66
853.64
856.45
855.97
854.15
802.18
803.65
802.36
857.33
853.41
860.24
