125.98
127.58
125.89
131.19
126.16
125.08
125.33
126.58
129.64
128.95
130.21
129.64
129.44
130.12
119.98
120.77
130.56
120.13
131.98
131.93
132.57
134.81
133.1
132.37
132.45
132.78
132.05
119.2
120.25
120.51
119.91
119.67
119.51
130.47
130.28
129.93
130.16
130.99
129.58
129.47
129.04
129.96
129.57
130.11
129.71
118.77
118.52
119.15
128.75
129.54
129.48
128.61
131.0
128.27
129.31
128.68
128.42
129.03
128.57
128.47
128.61
128.3
128.12
128.5
127.55
128.71
127.1
127.19
127.15
127.18
127.19
126.59
126.94
126.95
119.55
119.46
119.19
125.91
127.11
118.61
119.25
122.97
126.04
126.88
127.02
127.6
127.04
126.7
126.4
126.33
126.71
126.44
126.4
129.31
118.38
119.53
119.15
125.69
126.8
126.96
131.32
132.3
131.26
134.41
132.13
132.21
118.39
119.3
127.69
131.85
132.0
119.34
131.24
119.12
127.7
131.4
131.74
131.7
131.69
130.48
118.59
119.73
126.56
130.73
130.38
130.74
129.76
129.18
121.15
121.95
122.17
122.67
125.57
129.88
129.54
129.25
129.22
128.81
128.89
130.55
129.87
129.39
119.11
129.24
121.03
124.81
128.36
128.78
129.72
128.84
130.47
129.06
129.28
129.37
131.21
147.01
135.68
129.17
129.42
129.02
131.07
126.6
126.86
127.67
128.44
129.17
128.48
128.36
128.94
129.44
129.47
126.56
128.59
128.85
128.64
129.18
128.02
128.84
128.58
128.34
125.5
128.01
128.11
128.54
127.82
128.04
128.57
128.88
128.14
127.79
128.86
128.82
129.4
128.66
129.9
127.99
127.32
127.47
127.57
128.35
131.51
132.28
132.49
131.87
131.66
132.24
132.59
132.74
132.67
132.48
133.26
133.01
133.66
132.54
131.65
131.83
131.59
130.8
131.2
131.03
131.1
131.1
131.58
129.88
130.57
130.32
130.2
130.91
130.51
130.2
130.26
119.13
125.93
130.37
130.14
130.49
119.51
119.5
119.45
118.94
119.18
119.67
118.91
119.78
118.88
124.38
129.37
129.6
129.76
129.68
128.87
129.49
129.03
128.71
129.62
128.7
130.01
129.82
129.91
128.93
129.0
128.82
128.83
129.25
128.71
130.42
118.0
119.33
119.01
118.94
121.71
123.53
122.0
119.69
119.01
118.85
120.14
118.53
119.25
119.36
119.93
123.46
126.38
124.61
124.78
124.89
125.44
124.09
123.97
124.5
124.82
123.02
124.7
124.41
125.05
124.92
123.84
124.54
124.85
124.98
129.67
128.11
128.64
129.51
128.69
128.97
127.56
128.37
118.56
118.14
118.29
118.23
118.69
118.59
119.33
123.78
123.9
122.71
123.52
122.77
122.76
123.38
123.88
123.04
127.33
127.41
127.9
127.49
127.46
126.94
127.46
127.86
118.1
117.61
118.69
118.45
117.68
118.27
121.31
122.45
122.77
122.3
122.84
123.66
122.86
122.57
122.36
123.84
124.78
128.07
128.02
126.83
126.78
126.45
129.59
135.84
131.07
129.07
128.46
127.96
127.78
127.05
127.93
126.82
127.54
127.47
127.47
126.77
127.67
126.76
127.2
126.44
127.37
127.92
127.98
124.76
127.44
126.06
128.02
118.24
118.07
123.58
127.24
127.06
127.06
127.14
127.96
127.39
117.76
117.7
117.92
118.07
118.91
118.01
126.83
124.41
126.84
127.72
127.52
127.36
122.59
124.02
125.18
131.62
125.09
124.53
124.22
129.08
129.51
129.65
130.75
128.65
129.94
128.33
117.99
120.66
121.31
125.14
128.49
118.96
119.3
128.66
128.4
128.26
129.0
118.08
118.09
120.48
121.28
120.41
121.58
120.41
120.99
121.23
121.41
120.65
128.22
120.73
124.1
128.9
129.73
128.27
128.5
128.7
128.83
128.52
128.25
127.96
125.08
120.13
120.24
120.27
120.07
120.97
124.41
133.33
130.6
125.23
138.22
127.12
127.37
127.6
118.53
121.57
123.15
126.87
123.13
123.27
123.59
126.04
124.32
124.32
123.74
124.25
123.78
123.27
123.67
123.68
123.04
124.09
126.47
118.32
122.4
123.43
123.12
124.69
123.22
123.44
123.98
124.51
124.32
124.17
123.69
123.3
124.38
123.41
123.75
124.68
123.36
123.83
