158.04
159.32
160.95
159.14
144.03
143.98
141.72
158.2
156.05
158.19
156.55
155.34
155.76
161.83
161.83
153.28
139.74
154.35
153.76
153.01
153.67
153.65
153.05
154.23
151.88
152.55
152.84
151.56
151.12
152.13
151.45
152.14
141.01
139.81
139.71
140.04
140.99
140.84
150.32
150.22
152.65
149.74
149.91
151.75
150.03
149.7
149.54
149.76
150.06
148.76
149.62
148.89
149.07
149.61
149.52
149.51
150.28
148.62
149.32
150.3
140.47
140.93
141.71
141.83
140.96
143.48
140.4
141.42
150.13
148.85
149.26
149.86
148.45
149.19
148.03
149.09
147.63
148.81
149.03
149.87
148.87
139.96
141.17
144.78
139.23
139.32
149.99
150.59
148.56
148.91
147.98
148.77
147.89
147.39
147.83
144.8
145.26
148.64
147.9
149.32
157.02
156.86
160.33
157.96
157.23
156.93
155.48
156.33
157.81
155.71
156.81
157.16
156.06
156.15
155.76
155.14
154.78
155.42
153.84
155.98
155.08
155.22
155.52
154.69
154.03
154.93
154.83
154.75
153.34
155.12
154.94
154.23
154.36
154.31
154.97
156.06
153.5
154.76
153.1
155.94
154.4
153.22
152.55
154.05
154.25
154.81
153.59
153.65
153.51
153.11
154.43
153.54
153.35
151.82
151.56
152.54
152.97
153.22
153.37
154.82
152.09
149.84
152.72
152.52
153.31
152.37
152.9
142.37
143.54
144.18
143.89
148.63
144.02
144.49
144.73
145.55
143.86
144.04
146.75
143.52
143.57
143.46
143.82
149.35
152.8
155.0
156.92
153.06
153.56
149.98
142.06
144.01
144.39
144.12
143.85
143.58
144.08
144.47
146.54
163.95
162.78
162.64
168.5
165.07
162.42
162.66
162.14
160.88
161.59
160.66
161.14
159.91
159.32
161.11
161.2
162.66
160.26
159.68
159.82
159.73
157.56
158.11
158.74
158.87
158.14
157.34
157.36
156.91
158.29
157.05
156.81
159.47
156.34
156.56
158.37
158.47
157.95
156.38
156.98
157.02
157.91
156.63
156.77
157.65
156.68
157.01
156.67
156.74
156.81
156.15
156.5
156.8
156.53
157.93
156.65
156.6
157.24
156.54
156.23
158.66
156.64
156.37
156.5
156.36
156.98
157.07
157.39
155.51
157.09
155.89
155.7
157.54
155.58
155.55
155.68
156.3
157.08
155.78
155.96
155.14
155.77
156.28
156.83
156.73
160.04
156.84
156.41
155.55
154.87
154.66
154.29
155.35
155.0
155.68
155.96
155.7
156.83
154.88
158.21
158.63
142.56
143.41
155.79
145.04
158.14
159.28
156.19
156.14
141.28
140.93
142.85
145.86
145.1
145.19
147.17
149.25
146.04
147.65
146.91
148.11
147.33
147.17
153.59
154.99
154.09
153.98
154.9
142.05
142.59
141.24
141.38
141.47
142.35
144.49
145.94
145.86
146.7
146.14
147.54
152.76
154.06
153.0
154.12
154.14
153.26
153.65
153.45
152.14
153.36
140.25
141.55
141.12
148.65
153.76
153.22
152.75
153.0
152.75
142.08
141.55
141.61
151.67
152.86
153.0
153.33
153.58
153.34
153.2
153.56
152.72
151.31
152.43
153.05
152.4
152.04
151.96
152.54
151.68
152.93
152.71
152.17
151.93
151.94
152.62
152.43
151.62
152.4
152.33
152.04
152.49
151.28
151.85
152.06
151.48
151.01
140.26
141.16
147.85
151.67
142.17
145.7
147.47
151.64
155.45
155.18
156.21
154.94
153.55
154.76
153.62
153.76
140.32
144.59
145.25
153.15
153.42
155.16
153.04
153.33
153.37
152.86
153.23
153.35
152.11
152.94
152.92
154.24
153.23
140.66
143.06
148.99
151.76
139.84
144.26
143.69
153.57
153.76
153.73
151.39
152.2
152.87
151.77
152.34
153.15
152.37
151.83
152.62
152.41
151.61
153.38
151.72
153.02
152.18
152.39
139.27
146.76
151.58
152.11
151.47
152.59
151.52
152.37
152.41
140.28
141.94
142.4
146.39
139.86
151.01
151.31
150.47
151.9
152.0
138.78
151.02
152.11
152.84
151.6
151.76
151.6
151.49
152.03
154.57
150.4
151.73
141.57
152.26
150.47
150.89
151.17
151.78
150.79
152.21
152.16
140.72
142.81
142.35
150.92
149.98
152.58
