139.48
148.02
135.16
135.21
135.42
135.19
135.65
135.27
135.88
135.91
135.63
135.93
135.43
136.35
135.82
135.6
136.74
135.37
135.08
135.0
135.37
135.67
134.93
135.73
135.49
136.18
136.48
135.45
135.9
135.42
135.98
137.13
136.83
135.71
136.81
135.15
135.75
135.57
135.59
139.37
140.11
135.63
134.89
135.96
135.5
134.54
135.44
135.65
134.94
135.05
138.76
141.38
142.34
143.21
142.89
134.84
135.89
136.3
139.09
142.92
144.48
143.32
144.14
143.86
135.95
135.81
137.38
135.57
136.22
139.74
135.75
135.73
135.79
134.96
136.0
135.05
135.55
135.55
135.25
135.41
135.65
136.1
135.73
136.91
142.82
141.23
143.1
142.99
142.47
142.59
145.16
147.24
148.07
147.9
148.77
147.51
136.01
135.69
138.54
136.56
152.08
152.92
137.5
142.14
147.96
152.49
150.89
152.49
153.13
152.31
152.77
153.17
151.7
155.09
152.53
152.75
152.23
151.84
150.99
151.2
150.54
151.42
150.73
150.76
142.17
146.97
151.17
150.19
150.98
150.11
150.47
150.29
140.64
149.75
150.4
149.74
150.03
149.16
148.51
149.14
150.01
148.92
147.95
149.84
145.35
149.13
148.64
148.79
149.19
148.98
148.88
148.85
137.84
140.0
150.08
148.95
148.49
148.4
148.64
148.66
148.71
140.04
140.3
139.67
141.57
141.32
140.77
139.74
140.23
140.04
139.84
140.05
140.22
140.75
140.04
139.25
139.99
139.18
139.75
140.71
139.06
143.35
143.93
146.78
145.52
143.16
145.23
148.29
148.99
150.02
148.52
149.56
148.15
148.26
148.56
148.01
137.12
139.9
138.02
141.96
144.36
146.65
149.61
153.99
153.48
136.27
138.67
140.09
151.05
154.5
154.57
153.05
155.23
154.86
155.42
155.93
142.24
154.53
153.5
155.15
154.24
154.7
155.32
153.88
154.62
152.68
140.31
143.98
144.31
144.23
143.37
148.61
150.89
151.84
152.21
151.19
151.72
151.75
151.53
150.83
151.01
139.79
142.89
142.47
142.47
142.46
142.47
141.8
143.16
142.68
142.64
143.45
142.57
142.64
142.63
142.2
142.26
152.35
151.09
152.37
151.62
153.33
151.4
151.19
151.29
151.28
151.16
150.97
150.72
149.79
151.34
149.79
140.2
140.62
141.4
141.28
141.47
141.54
141.36
141.64
141.71
141.27
141.1
141.02
141.53
140.93
142.12
140.55
141.09
142.16
140.84
140.93
140.8
143.72
141.35
141.25
140.62
139.62
140.68
141.88
147.01
147.85
145.7
147.31
146.62
146.91
147.79
140.84
142.36
146.4
155.39
145.26
145.29
146.68
145.9
145.2
147.43
146.42
145.59
145.94
145.72
145.82
145.59
144.92
145.54
145.49
145.77
145.29
145.62
144.87
154.75
154.52
154.68
141.3
154.36
144.65
153.66
153.92
155.15
151.93
153.94
154.31
153.14
140.5
140.07
142.23
144.39
143.74
151.44
138.99
140.25
151.22
152.48
152.69
151.98
150.83
151.96
152.43
152.15
151.77
152.71
152.34
140.64
140.67
139.19
140.11
140.2
143.32
144.12
143.06
143.04
139.13
140.24
140.75
143.51
144.05
142.89
144.23
143.78
143.47
144.92
140.09
140.76
144.72
145.56
145.3
146.37
145.84
146.45
144.59
145.59
144.62
144.93
144.48
147.09
146.74
145.05
144.55
144.87
145.33
150.93
150.07
150.42
152.24
151.55
150.8
151.3
147.67
148.24
148.98
150.11
149.29
148.92
148.04
148.97
148.22
149.0
150.24
149.98
148.92
150.03
149.52
148.75
145.62
147.94
147.52
148.26
147.93
148.27
148.07
147.84
147.48
148.91
148.77
148.92
148.88
149.48
148.84
147.53
148.25
148.8
144.69
146.59
147.72
147.95
147.67
146.25
147.21
149.05
148.83
149.21
148.38
148.66
148.66
148.54
148.4
147.32
144.95
146.46
147.91
147.24
146.58
145.8
147.24
146.69
147.03
147.29
147.78
147.13
146.7
145.64
146.62
147.21
146.94
147.33
146.52
146.4
148.06
148.59
149.23
147.48
148.09
148.92
147.65
146.87
146.41
145.93
146.09
146.62
147.08
147.04
146.69
146.43
146.5
146.6
144.79
147.82
144.38
146.06
146.24
