131.52
130.78
131.6
132.53
132.04
130.95
131.19
130.79
131.04
130.99
131.9
129.87
130.15
131.76
131.15
129.39
129.65
129.75
129.25
130.49
126.97
129.79
126.17
120.65
125.5
123.26
128.91
129.44
129.15
119.84
119.32
120.98
121.03
122.31
121.21
121.61
119.46
120.37
121.18
121.51
121.48
122.87
123.78
125.03
125.28
125.06
126.08
125.92
125.04
125.26
127.09
127.33
127.17
128.27
120.86
123.65
127.98
125.19
125.35
127.3
125.37
124.99
125.12
125.0
125.3
128.04
126.38
125.49
126.19
124.35
126.38
126.6
125.44
125.56
126.36
125.16
125.97
125.09
124.12
124.33
125.78
125.09
126.52
125.95
126.04
126.71
135.42
128.44
125.7
125.82
124.8
125.68
124.81
124.2
125.61
125.22
125.62
126.9
127.23
128.1
132.0
132.32
133.57
134.29
132.97
133.43
120.89
121.72
121.77
121.16
124.2
126.58
126.82
133.03
133.17
132.6
133.29
132.73
119.46
120.05
132.47
134.93
132.21
119.87
119.94
120.44
128.52
128.46
129.68
130.22
131.62
131.61
119.77
123.09
123.49
122.58
124.46
122.54
122.59
123.12
122.77
123.25
130.73
121.84
125.71
126.17
125.38
125.79
125.55
125.8
125.89
126.46
126.39
126.66
125.99
124.57
127.89
126.22
130.09
137.83
121.77
125.22
125.99
127.28
126.41
127.76
126.61
125.56
125.64
126.03
126.64
126.65
125.88
126.8
127.26
128.62
129.98
119.05
124.14
125.29
125.51
126.15
126.75
127.01
128.77
132.25
135.81
119.35
125.37
129.49
127.54
129.65
119.59
120.29
123.46
124.42
127.6
129.09
129.23
142.03
126.58
126.78
130.33
134.88
134.12
134.0
134.29
135.57
133.19
135.93
135.74
136.1
134.47
134.86
135.68
135.35
135.2
134.18
134.52
133.01
129.77
132.88
132.52
132.27
132.18
131.52
131.28
131.82
131.91
133.47
131.54
131.35
131.62
131.36
130.78
130.13
132.56
131.33
127.79
130.53
130.18
130.32
130.78
131.35
130.57
130.53
129.88
130.1
130.36
129.25
129.72
129.9
129.73
130.21
129.95
127.98
130.74
130.04
131.65
131.08
130.58
130.04
130.16
130.28
129.61
130.82
130.16
129.7
129.76
130.2
129.71
130.02
128.87
129.78
129.5
130.09
130.31
129.06
129.14
129.53
128.85
129.05
129.12
120.86
121.35
122.28
123.23
121.21
121.42
121.88
121.16
122.16
122.57
121.87
128.68
129.01
118.54
119.04
119.2
120.41
131.31
132.19
131.61
132.07
132.14
131.04
130.8
129.83
131.51
130.79
131.48
132.64
131.64
138.35
130.43
130.42
130.76
131.47
132.18
129.79
130.64
132.42
131.21
130.51
129.28
130.2
130.67
130.5
129.43
129.89
128.72
131.22
130.97
130.95
130.22
130.01
129.44
131.46
130.09
129.1
130.57
130.32
130.26
130.82
129.6
130.16
129.93
129.95
129.11
129.55
129.63
128.97
128.7
128.62
130.44
136.9
134.0
121.89
122.31
123.4
122.65
120.25
121.5
122.51
121.93
125.86
119.34
125.68
129.68
129.45
129.49
130.81
129.4
129.53
129.49
129.9
119.97
125.28
129.81
121.83
122.21
122.3
122.6
122.97
122.27
122.87
123.6
122.15
120.34
120.0
119.33
122.39
124.76
124.83
124.45
124.85
124.46
125.97
124.98
128.53
125.47
130.98
129.84
130.8
130.55
122.69
130.5
131.46
131.23
131.01
131.9
131.31
119.06
121.34
119.68
122.29
121.39
122.52
122.55
122.92
121.96
123.03
122.74
124.35
125.36
124.43
125.03
124.97
125.08
124.04
124.02
125.02
123.97
124.85
124.65
124.23
124.97
124.43
123.49
124.12
124.42
123.23
123.8
125.29
124.42
125.44
123.53
124.34
125.52
124.0
124.57
124.42
125.16
123.85
124.76
124.28
124.48
125.15
123.49
125.3
125.05
123.89
123.83
123.37
123.63
128.9
125.88
124.62
125.24
124.57
124.48
125.33
124.4
123.19
124.92
124.56
124.69
124.67
125.99
125.04
124.19
123.12
123.83
125.39
123.55
125.59
132.81
128.81
125.94
124.21
124.13
124.21
124.48
124.53
125.79
124.77
123.9
124.21
124.4
126.69
