328.72
332.69
332.99
334.1
333.87
336.81
331.32
337.58
333.02
331.47
332.62
338.75
336.18
330.3
333.19
333.25
335.98
335.61
334.98
333.82
334.24
335.2
335.17
333.51
332.05
335.06
333.34
331.44
334.15
333.17
333.04
334.41
333.21
334.9
331.58
334.18
336.02
337.13
331.38
333.86
332.15
333.71
328.6
333.38
333.16
337.56
332.63
334.97
333.62
344.83
347.9
340.82
332.19
331.0
330.57
334.12
335.12
334.63
334.64
330.75
335.38
335.19
336.04
330.02
334.64
339.29
333.99
334.96
331.86
333.21
329.69
334.2
330.56
333.39
333.42
331.47
331.16
335.57
333.18
334.25
333.56
334.48
335.8
339.06
333.18
334.8
336.67
336.46
334.37
334.14
334.59
331.72
334.98
333.63
335.14
332.0
334.06
332.53
333.29
336.45
338.67
337.77
336.96
336.45
332.75
339.58
335.68
332.2
335.38
337.79
335.34
336.5
333.11
336.85
335.02
338.83
334.96
353.37
341.02
334.37
336.06
334.69
338.07
336.58
339.68
336.08
334.68
337.69
340.82
337.47
337.25
336.28
334.72
334.54
336.4
337.27
336.47
337.91
336.76
332.3
337.32
335.94
337.24
336.23
336.99
336.57
335.33
339.48
340.16
336.31
338.39
338.9
337.38
337.84
333.78
334.32
330.36
339.36
336.95
339.02
333.93
339.72
335.3
335.17
339.38
343.5
336.32
339.6
330.67
335.03
333.81
329.88
336.78
335.08
335.65
338.04
332.9
337.55
332.64
340.57
330.45
329.66
334.39
339.34
336.35
341.54
333.65
336.8
334.27
335.91
331.66
334.1
335.47
332.04
335.52
336.54
334.12
334.26
331.6
335.86
340.77
341.76
328.85
331.56
331.04
330.81
329.96
330.45
330.65
336.49
335.66
336.37
339.65
332.77
337.53
331.2
329.54
327.37
330.4
333.34
326.3
332.52
333.86
335.31
328.32
337.58
329.94
331.29
334.34
331.85
332.06
337.71
335.72
340.18
336.49
338.42
334.52
337.16
334.94
335.1
337.03
337.38
335.28
333.28
332.41
329.3
328.57
330.29
331.08
331.06
338.35
336.51
335.61
328.92
336.82
330.36
337.51
331.15
329.69
331.38
337.2
334.62
339.76
332.33
331.16
334.15
332.86
333.9
333.28
332.19
331.54
326.32
329.36
336.47
338.86
333.72
338.43
334.48
335.94
334.86
335.86
332.97
336.35
340.65
353.22
335.99
329.59
335.27
333.86
337.31
337.6
335.44
331.8
330.36
331.26
329.9
329.91
328.23
331.25
334.68
333.06
340.33
347.44
345.44
332.6
334.24
334.09
345.89
335.23
333.25
329.78
334.72
334.21
333.25
333.14
377.11
339.07
337.48
339.36
334.06
338.7
334.67
333.53
337.25
336.15
337.07
334.58
333.87
332.16
332.62
343.26
333.21
329.76
333.5
341.76
341.51
340.72
337.13
337.23
340.04
329.5
340.28
336.38
341.64
338.91
338.04
339.71
340.51
331.1
333.65
332.16
333.14
328.28
332.76
331.61
331.06
333.37
338.17
340.87
339.41
339.82
339.92
331.96
330.8
335.2
339.15
334.7
333.15
339.43
332.59
337.54
338.6
332.15
333.1
331.78
338.97
340.18
339.73
340.41
336.45
339.22
342.21
337.8
338.21
339.29
342.6
332.33
335.21
332.32
333.03
337.39
337.76
342.04
341.08
342.83
339.02
337.82
336.92
339.87
333.78
337.18
339.29
333.77
335.02
337.31
328.24
331.93
331.46
327.23
334.43
342.27
332.93
337.75
335.82
333.28
335.35
334.25
334.24
331.01
329.99
335.17
332.85
334.55
333.31
338.5
331.14
336.57
332.73
333.64
337.11
335.75
338.45
332.99
335.05
336.25
333.06
332.48
330.03
336.68
336.67
332.4
331.88
334.21
336.6
338.06
336.29
333.61
335.04
337.26
334.75
334.05
334.48
337.16
336.68
335.83
336.38
334.94
336.13
334.51
341.1
335.31
331.21
334.74
331.93
336.83
334.55
336.92
340.06
332.92
336.3
333.51
333.77
332.79
333.8
334.88
336.92
336.44
336.19
339.53
336.24
338.88
333.59
338.65
332.16
335.64
333.15
342.46
334.46
332.9
334.61
332.15
335.45
338.26
338.19
334.84
333.84
335.85
329.66
335.92
338.04
