342.19
343.08
355.12
352.32
352.02
347.29
353.74
349.92
343.12
338.62
340.12
353.69
354.04
351.3
349.74
348.3
346.33
352.08
352.96
341.72
346.7
350.74
343.82
342.8
345.37
337.78
349.08
351.64
352.14
348.08
349.14
348.37
346.24
350.23
346.96
346.67
348.16
345.17
352.06
344.04
339.09
344.18
345.92
349.0
348.49
345.89
346.06
351.58
342.94
339.25
337.6
341.86
348.18
341.18
343.83
341.53
340.68
335.47
338.06
343.28
343.51
339.58
335.8
337.25
337.27
342.68
342.08
337.24
343.09
340.36
341.69
345.25
337.32
337.59
342.15
337.79
338.3
341.5
339.21
345.55
346.79
344.47
342.51
346.57
351.45
346.04
341.6
343.94
345.19
343.62
346.18
343.25
341.88
346.82
348.84
349.29
343.26
346.0
337.18
338.38
352.35
347.65
348.42
349.1
347.76
372.89
358.15
369.35
349.64
349.97
353.9
382.06
349.2
356.31
362.11
362.73
346.3
348.45
348.45
345.49
347.39
345.78
345.45
348.96
348.53
354.42
347.91
355.27
355.69
357.43
360.21
359.04
356.96
357.4
357.14
345.18
347.36
352.23
355.27
349.57
343.57
346.52
347.72
349.8
347.23
348.82
346.5
349.88
349.48
346.88
348.68
350.64
347.67
347.33
343.68
344.14
347.36
352.57
343.07
347.19
344.09
347.58
345.54
346.4
349.37
348.1
348.02
351.12
345.74
348.68
355.92
349.74
348.45
347.66
347.56
345.19
344.31
347.12
346.25
346.02
351.38
357.59
355.07
355.35
355.42
361.96
353.47
357.33
355.36
359.38
350.6
349.58
366.45
351.96
346.49
351.03
346.41
342.88
344.28
348.91
349.99
372.33
350.68
375.51
367.02
362.65
365.15
363.81
356.64
357.26
358.09
357.97
345.94
352.91
349.97
351.14
348.89
351.47
350.28
353.22
354.51
344.8
354.0
349.74
350.79
350.71
350.14
349.99
348.82
351.08
357.59
348.74
348.83
355.25
347.15
348.5
349.67
351.23
356.87
354.94
346.05
344.97
354.92
349.1
346.24
350.27
347.45
360.97
359.46
348.52
348.79
352.49
350.41
350.59
346.23
352.46
352.73
362.29
349.54
352.52
351.5
355.48
353.22
358.23
358.11
354.83
355.36
355.83
351.5
369.27
354.62
357.26
356.9
355.69
353.48
352.3
350.88
353.84
353.29
352.89
354.12
355.25
352.53
352.11
352.7
356.19
355.31
354.13
354.41
360.95
355.81
355.78
360.27
358.53
353.46
352.78
351.32
347.85
351.81
347.36
354.53
346.11
343.88
344.51
345.54
344.98
348.13
343.9
356.86
350.56
353.62
354.12
351.51
355.08
355.88
356.21
342.33
343.19
344.39
344.63
343.13
345.27
350.55
346.63
352.8
350.82
347.72
350.72
342.26
343.69
344.12
344.56
340.79
334.62
346.98
350.51
352.22
346.55
349.79
345.49
346.23
345.15
342.74
346.18
344.33
343.35
341.73
343.99
346.19
346.64
344.73
343.87
341.32
346.59
345.45
344.63
343.38
340.59
342.94
352.39
343.23
338.75
341.5
347.3
347.4
351.0
351.74
349.1
348.64
345.8
348.43
340.39
344.8
341.57
339.75
341.6
342.16
348.91
349.1
339.64
344.94
344.76
341.67
343.27
343.06
341.76
346.25
353.9
347.86
348.96
350.1
346.79
350.2
348.98
347.82
346.33
350.06
348.87
347.21
349.2
350.76
363.17
357.86
357.61
357.82
345.12
346.43
349.65
361.24
358.95
356.49
348.54
346.58
350.98
353.23
352.91
354.32
360.48
354.73
348.03
347.93
344.2
349.66
339.12
349.1
349.57
347.9
353.94
351.89
350.76
344.22
344.17
349.56
344.27
347.05
344.29
350.39
347.03
346.15
348.37
347.06
351.76
354.45
347.84
353.79
353.73
348.22
350.0
355.86
370.93
353.16
352.03
353.59
342.24
345.6
343.81
347.43
341.87
344.05
350.86
348.25
350.0
351.64
351.42
345.95
343.69
353.74
354.54
349.85
355.43
349.87
355.94
348.93
349.85
354.7
352.9
354.93
351.19
347.76
351.53
349.35
351.75
353.28
355.99
352.62
355.92
355.1
351.29
353.5
355.58
345.04
348.17
360.46
342.41
341.38
347.22
347.51
347.16
350.13
349.35
