510.2
511.33
509.59
509.1
515.77
517.73
515.69
516.28
515.09
510.8
520.5
517.06
511.6
514.48
514.44
511.33
509.12
509.34
508.71
508.49
509.43
509.05
510.77
510.47
513.07
517.96
525.01
516.1
519.02
515.31
515.24
515.02
514.84
519.74
514.06
513.86
516.48
513.45
514.99
520.36
528.57
526.26
514.72
514.88
514.77
525.51
511.99
513.98
517.5
518.06
514.97
515.77
516.56
515.02
514.75
528.36
519.65
512.91
514.88
518.63
518.88
514.66
513.28
518.75
514.44
517.02
529.32
529.96
529.86
527.33
512.27
514.81
522.79
511.73
510.7
514.75
520.58
526.83
524.11
515.16
514.59
512.58
512.56
510.29
533.96
509.08
526.97
526.11
527.44
526.16
526.69
526.73
527.4
525.95
524.28
527.21
527.09
514.48
510.99
510.88
574.73
574.14
575.69
572.09
569.7
568.15
568.15
567.46
566.64
566.03
558.55
555.74
571.79
563.95
559.16
557.08
561.16
557.93
559.73
560.49
564.56
560.61
558.35
557.99
556.37
560.17
558.5
557.66
558.6
559.79
561.12
560.19
575.5
558.46
555.36
554.8
553.68
568.75
555.65
560.77
558.05
556.4
568.71
574.93
570.7
571.73
573.91
578.88
571.83
569.7
569.46
570.0
572.05
569.15
571.9
568.92
557.59
554.7
563.49
557.78
559.05
569.25
569.97
552.95
556.89
557.2
556.04
565.66
550.32
556.0
556.43
558.6
552.74
557.74
560.96
562.43
561.66
557.09
571.31
567.88
565.9
576.06
570.44
571.4
566.28
567.85
566.81
566.2
564.7
566.98
565.84
567.62
569.76
565.56
563.53
569.56
566.8
571.44
570.48
572.79
520.12
533.79
535.19
523.77
521.6
519.75
521.95
523.94
516.9
531.34
519.66
534.91
533.65
536.57
531.47
536.19
535.86
531.09
534.43
535.82
518.12
522.8
521.0
520.56
522.21
517.58
519.54
524.64
520.01
520.54
521.56
519.26
522.5
520.94
522.95
520.7
520.82
520.11
521.26
521.63
520.06
526.53
533.99
532.1
531.57
533.08
519.87
520.16
523.14
519.29
519.21
521.65
525.24
518.88
519.44
522.93
521.58
531.23
532.27
533.87
532.74
519.62
520.69
521.44
520.55
518.18
523.59
521.31
533.22
528.23
520.98
518.69
521.97
521.4
523.89
519.16
522.81
532.28
524.21
519.69
524.35
521.66
520.52
521.04
529.79
514.78
518.61
519.99
517.93
519.39
519.48
517.21
519.65
514.79
517.92
524.96
520.4
517.93
531.84
530.25
565.55
558.43
553.34
552.3
561.68
565.78
564.46
556.04
550.76
548.48
556.82
575.52
552.66
551.52
554.7
553.57
555.19
565.77
548.24
563.45
560.88
561.79
565.65
567.09
560.59
551.89
555.26
551.19
549.74
547.57
559.27
551.92
549.5
552.13
552.6
553.0
551.29
550.37
552.88
550.23
548.93
551.96
553.55
552.92
548.03
555.01
551.62
576.43
551.67
564.44
551.43
549.52
547.94
553.2
551.57
555.47
551.86
561.16
563.95
572.19
559.98
564.21
565.61
550.22
565.28
564.58
566.53
562.97
561.57
562.46
552.96
546.03
560.9
558.63
561.64
552.71
548.92
548.16
550.79
549.11
549.43
567.43
558.33
564.2
554.27
559.41
564.28
564.98
567.33
549.15
552.93
551.98
549.22
565.01
548.9
561.23
560.44
558.51
559.74
551.84
570.0
570.2
572.47
571.96
554.83
557.05
557.52
559.29
559.03
555.7
556.3
572.59
569.3
571.82
572.05
570.97
578.9
571.34
569.04
556.68
572.46
567.59
568.76
567.38
575.13
573.31
566.61
570.0
571.89
566.95
571.07
571.42
571.9
571.43
566.75
569.83
559.92
572.48
556.32
559.86
555.17
572.56
557.15
574.26
557.5
556.6
564.95
568.73
556.86
569.96
577.32
557.7
554.75
557.45
566.11
564.51
566.47
576.51
568.34
567.75
567.68
568.44
574.52
555.83
557.47
557.47
568.33
568.58
565.83
568.11
570.1
572.72
568.56
567.27
565.78
567.19
555.29
552.98
555.71
556.48
559.49
557.1
567.01
570.23
566.07
559.1
569.12
567.1
556.36
568.53
557.06
557.72
559.1
561.03
558.2
558.83
553.07
560.43
559.97
559.87
