546.69
546.06
547.99
557.68
563.03
545.11
547.26
549.66
544.99
544.92
543.75
543.47
543.22
543.77
553.93
542.33
545.84
551.91
560.01
557.26
559.27
558.9
560.52
560.06
554.81
557.91
559.41
541.95
544.69
543.55
543.01
554.14
555.67
556.25
549.62
542.52
540.74
547.55
556.53
555.84
555.73
542.05
546.04
544.2
541.16
542.05
545.02
551.03
547.77
547.93
545.8
546.35
541.65
544.63
546.84
539.94
559.11
553.82
554.4
562.1
561.37
557.98
554.16
544.31
553.64
553.51
554.98
554.39
554.69
543.79
546.41
546.27
546.2
546.55
541.58
549.6
544.74
550.52
551.51
554.44
555.13
552.94
552.04
558.23
556.69
564.72
555.66
553.5
551.82
553.49
548.4
556.76
553.27
554.54
554.15
556.88
553.68
558.56
554.85
549.94
545.61
542.49
546.6
542.39
540.35
556.97
560.38
558.65
544.55
559.56
555.83
559.81
557.61
559.97
556.53
555.97
553.96
555.24
555.43
554.91
553.85
557.29
558.03
556.25
558.96
557.37
560.9
558.09
559.33
556.97
554.39
558.57
558.36
554.91
557.79
557.34
561.15
553.27
557.76
553.44
553.25
557.66
558.68
556.69
543.54
558.17
543.72
541.26
543.24
554.7
557.86
555.95
556.84
558.18
544.01
541.67
541.24
547.52
557.25
562.31
556.39
552.59
557.32
560.3
555.64
544.91
551.98
555.57
542.6
546.57
554.74
557.06
555.5
553.82
555.86
554.91
544.31
555.58
544.22
547.0
547.96
540.29
543.56
544.72
541.44
540.55
545.9
547.8
542.09
549.44
544.69
551.11
542.3
541.09
540.46
545.13
546.98
545.38
542.44
541.28
544.76
544.18
547.82
547.39
545.47
534.86
534.72
540.8
533.97
534.37
536.69
532.06
537.79
542.87
547.88
529.96
544.82
546.29
543.88
545.39
541.01
543.67
544.72
533.07
532.62
532.61
531.29
536.1
539.34
543.86
549.77
543.23
542.37
544.13
545.18
532.31
534.48
534.02
541.72
541.8
545.23
544.16
542.84
533.56
538.18
532.98
528.69
530.96
543.55
547.99
546.77
547.8
552.32
545.78
548.92
547.42
549.48
547.08
548.76
546.34
549.75
551.04
545.71
548.05
532.3
535.4
531.71
535.0
545.3
532.78
531.36
531.63
528.28
546.56
547.25
532.28
531.06
545.88
548.67
546.59
557.08
537.25
537.88
534.16
542.21
531.96
546.41
531.46
545.96
546.3
547.0
534.66
529.58
546.35
537.23
531.2
541.41
534.86
546.97
546.55
536.38
548.82
550.36
537.04
532.81
533.41
544.34
545.78
547.68
547.29
544.37
543.23
548.54
545.17
545.17
547.39
548.55
544.88
542.0
548.39
543.54
530.48
539.13
534.56
536.98
546.28
532.79
532.77
531.09
541.32
537.09
538.11
533.99
536.09
535.76
546.63
542.85
544.93
545.19
535.42
532.68
533.71
536.1
553.41
537.05
533.41
536.81
535.17
537.21
535.94
535.97
545.39
534.74
541.18
534.07
531.69
535.42
532.43
535.54
535.23
537.31
546.28
555.73
538.44
544.5
538.66
542.63
541.68
533.14
538.51
541.32
534.05
547.93
541.18
542.76
546.15
538.94
537.81
544.02
545.38
534.34
536.77
535.94
533.79
537.02
533.95
538.78
529.84
534.98
534.92
536.4
531.25
538.19
534.04
533.02
533.22
536.5
544.71
533.73
542.3
542.03
543.36
542.07
539.89
543.94
538.41
534.72
526.44
527.54
526.64
531.92
526.57
538.15
529.83
535.95
538.53
533.99
535.59
526.63
526.53
524.77
535.35
521.03
535.29
535.76
534.79
525.27
532.93
521.91
536.96
522.97
523.41
524.48
521.65
523.28
525.03
523.96
528.51
531.39
520.3
523.48
528.97
533.59
538.11
524.73
532.96
533.91
535.5
524.26
525.29
520.47
520.84
522.02
527.18
528.2
534.52
525.93
542.41
528.1
526.55
534.96
536.68
536.2
527.32
538.74
535.34
537.9
537.21
525.61
527.81
530.43
523.97
531.31
527.62
523.91
525.14
524.74
527.76
524.39
524.79
525.53
530.85
526.02
524.92
530.47
529.32
520.69
540.1
537.46
537.42
524.33
526.29
530.47
523.49
525.27
531.12
540.44
541.63
535.71
538.96
