1143.69
1134.71
1138.64
1052.66
1094.51
1131.22
1131.91
1070.23
1134.24
1137.84
1124.91
1061.93
1068.15
1134.87
1070.3
1072.95
1070.56
1090.61
1085.75
1061.28
1064.05
1079.53
1126.82
1059.75
1084.12
1122.79
1128.5
1130.54
1096.66
1126.3
1105.53
1093.36
1078.12
1056.0
1133.92
1132.61
1128.85
1126.95
1119.78
1125.4
1122.35
1076.52
1070.98
1124.24
1058.72
1124.66
1110.08
1051.8
1058.0
1048.61
1066.06
1075.95
1053.87
1134.53
1050.56
1054.04
1070.38
1058.12
1049.48
1059.89
1062.98
1126.29
1084.69
1077.49
1131.1
1065.21
1135.4
1049.94
1125.26
1123.76
1128.38
1128.11
1125.91
1073.44
1073.21
1073.86
1069.43
1120.28
1124.63
1129.88
1128.35
1121.5
1111.96
1120.19
1129.45
1118.84
1108.78
1079.08
1126.27
1073.33
1072.12
1123.0
1119.28
1125.18
1124.28
1066.3
1071.62
1073.19
1075.95
1077.28
1088.05
1131.17
1095.0
1094.28
1107.13
1120.28
1158.54
1089.98
1109.65
1092.63
1093.67
1179.78
1098.07
1090.46
1086.59
1111.21
1095.01
1095.5
1178.66
1095.36
1163.85
1169.52
1172.35
1172.69
1169.14
1172.62
1167.27
1168.37
1094.96
1104.32
1171.8
1168.38
1170.8
1089.12
1087.14
1106.25
1129.02
1180.28
1173.95
1172.74
1173.34
1172.43
1170.82
1169.01
1163.6
1091.62
1092.51
1095.75
1166.28
1157.65
1159.29
1158.63
1162.44
1170.12
1163.62
1171.06
1149.57
1172.07
1173.12
1145.66
1167.11
1166.35
1172.21
1172.04
1161.77
1164.08
1140.86
1156.16
1153.34
1145.66
1167.31
1164.36
1178.33
1163.83
1163.66
1168.86
1161.96
1169.95
1171.64
1152.83
1166.22
1165.68
1164.45
1150.4
1148.78
1132.85
1103.57
1098.07
1102.78
1100.82
1105.29
1095.97
1104.94
1108.24
1105.71
1106.62
1158.79
1159.0
1156.73
1107.67
1081.21
1080.26
1082.36
1075.69
1090.52
1080.61
1084.06
1078.99
1077.46
1069.42
1082.34
1076.37
1089.29
1064.78
1080.4
1074.03
1084.55
1084.03
1082.43
1074.0
1072.48
1063.23
1060.14
1080.82
1085.74
1079.15
1079.13
1075.39
1079.89
1076.56
1084.8
1081.51
1074.11
1078.21
1080.8
1080.66
1064.41
1074.85
1060.0
1080.57
1083.46
1082.6
1064.4
1058.76
1082.23
1080.23
1078.47
1082.66
1079.8
1078.35
1062.67
1056.05
1084.58
1080.75
1083.58
1076.34
1070.43
1074.84
1091.18
1054.62
1062.19
1086.84
1065.27
1080.23
1076.44
1060.64
1081.37
1094.56
1063.44
1055.91
1071.66
1137.03
1139.33
1135.15
1138.79
1062.85
1069.85
1135.66
1136.24
1132.86
1129.88
1055.79
1062.81
1062.63
1135.22
1120.58
1074.2
1078.45
1077.19
1074.68
1133.68
1132.03
1124.18
1134.42
1079.3
1071.89
1074.52
1074.98
1079.67
1076.35
961.42
1046.88
1038.49
1038.2
1045.82
1038.73
1035.78
983.85
961.88
958.39
1038.07
966.75
963.15
961.25
969.59
967.65
994.36
990.38
1004.68
990.75
1058.5
1053.31
970.61
975.1
973.75
970.02
972.27
974.72
983.17
979.58
1010.83
971.47
974.58
977.2
1018.99
1055.66
1052.03
1057.22
971.19
1052.7
1049.48
971.09
981.69
966.21
1050.83
1056.25
1050.56
1034.66
1038.59
1052.25
1040.83
977.69
981.51
1052.55
1056.66
974.43
970.14
969.65
1007.16
1057.4
1057.12
1052.74
1054.26
1045.11
1051.86
1042.67
1049.16
1051.61
1048.16
1046.84
1022.49
1042.89
1043.93
1034.01
968.86
977.01
969.25
1056.49
1047.48
972.98
1055.89
1052.59
1050.09
1044.51
1048.29
968.58
1049.73
1049.62
967.65
1051.6
1046.7
1051.37
1049.49
1045.98
1046.84
1053.54
1044.99
1049.3
1049.0
1046.45
1043.39
1034.37
1043.32
1046.37
1038.42
1043.7
1038.36
1039.77
1037.45
1016.61
981.7
992.46
1037.19
977.25
1034.78
1034.75
1025.48
986.31
986.8
982.73
1036.15
1035.12
982.73
983.83
1040.11
1039.33
1040.64
982.59
986.25
988.9
1040.77
1036.07
989.49
989.19
1025.65
1032.32
986.24
991.32
987.98
985.84
985.56
994.02
989.45
998.98
1038.85
991.05
1041.98
1036.66
1039.55
1036.5
990.25
985.71
1045.18
1033.76
987.96
1037.62
1043.33
1039.75
992.36
989.17
984.28
985.85
1048.71
976.29
1035.55
1036.05
1038.11
1037.97
1035.33
1042.28
1030.39
1036.59
1036.05
1031.33
1050.8
1050.0
1041.88
992.67
993.35
990.25
997.43
1001.23
1047.9
1044.6
1000.06
996.23
1001.2
1000.97
1005.42
996.55
997.16
1003.31
1039.42
1050.55
1001.83
1000.84
1001.09
997.66
1005.71
999.32
