1187.38
1107.25
1114.24
1121.01
1156.82
1148.97
1183.53
1134.49
1124.26
1125.18
1128.37
1109.29
1110.46
1112.05
1115.07
1113.83
1110.13
1109.97
1131.73
1128.76
1115.0
1147.85
1103.64
1104.28
1108.64
1109.03
1124.02
1148.58
1105.04
1117.61
1168.25
1133.01
1134.83
1128.16
1133.97
1129.19
1130.35
1128.57
1114.81
1124.23
1163.73
1158.26
1128.22
1148.15
1110.75
1128.71
1123.81
1129.31
1126.75
1142.74
1111.55
1137.13
1109.79
1109.31
1129.12
1124.14
1127.49
1106.97
1110.35
1123.75
1109.9
1117.7
1111.01
1124.48
1129.21
1127.02
1126.98
1124.31
1130.91
1130.79
1130.02
1126.97
1108.92
1110.24
1127.73
1129.82
1126.15
1142.79
1108.94
1102.54
1156.16
1124.68
1112.9
1127.62
1197.15
1202.13
1193.72
1162.9
1137.53
1199.26
1191.73
1188.33
1187.06
1192.1
1187.74
1128.64
1157.91
1127.07
1125.22
1197.21
1040.77
1038.91
1037.23
1043.96
1052.47
1043.62
1055.29
1048.28
1038.86
1061.22
1115.14
1113.35
1108.3
1115.23
1114.62
1119.08
1109.21
1108.86
1114.51
1113.36
1044.7
1060.27
1040.32
1037.76
1039.93
1038.97
1030.0
1051.15
1053.64
1051.39
1075.58
1065.14
1117.63
1119.34
1045.03
1053.51
1043.7
1046.63
1045.19
1115.6
1117.57
1121.15
1110.45
1054.26
1038.88
1041.6
1068.76
1098.99
1106.86
1103.31
1100.75
1099.58
1034.09
1098.95
1103.07
1104.75
1099.05
1096.41
1103.24
1053.88
1046.28
1042.31
1104.33
1110.23
1110.1
1113.41
1046.19
1046.01
1050.96
1056.02
1059.12
1050.98
1053.03
1058.55
1055.13
1059.21
1057.46
1063.7
1109.7
1052.32
1109.45
1048.76
1106.24
1113.08
1117.82
1103.18
1106.47
1103.51
1104.58
1101.81
1100.09
1097.93
1106.05
1106.02
1088.75
1094.72
1095.71
1094.25
1109.61
1100.42
998.75
1052.27
1063.78
1055.13
1060.23
1055.15
1049.56
1049.2
1058.45
1052.54
1054.93
1057.54
1054.52
1058.51
1060.45
1052.16
1050.28
1051.76
987.92
1005.28
984.02
1068.18
1053.56
1054.82
1058.41
1055.39
989.32
992.39
988.15
987.18
1061.32
1057.85
1052.99
1049.81
1051.18
1048.39
1001.37
1056.7
1052.88
1037.17
1012.96
1053.18
1053.59
1057.13
1052.29
1055.06
1054.83
1056.41
1054.06
1047.87
1040.35
1048.52
1048.19
1045.98
1046.32
1043.87
997.78
1007.74
1047.71
1032.66
994.15
1049.25
1046.18
1052.0
1030.57
1053.16
1049.89
986.62
992.27
1048.62
1041.09
991.76
992.29
999.16
1000.62
997.62
997.73
1000.84
995.11
1052.35
1057.93
1059.87
994.94
1000.91
1001.07
1004.35
1059.18
1010.15
1011.36
1016.2
1013.34
1071.07
1012.54
1064.29
1072.07
1010.32
1014.58
1010.27
1011.15
1008.97
1026.11
1027.9
1025.6
1023.63
1028.22
1031.46
1077.68
1075.85
1073.29
1079.58
1078.09
1084.74
1072.97
1078.31
1085.86
1077.09
1076.78
1077.96
1065.79
1063.84
1066.78
1063.44
1078.82
1077.62
1075.96
1082.83
1076.55
1076.74
1012.97
1017.97
1078.24
1082.02
1077.29
1006.36
1083.6
1075.7
1065.0
1067.05
1082.92
1070.36
1068.54
1071.54
1067.11
1071.49
1062.41
1068.63
1062.34
1069.73
1079.26
1071.58
1071.16
1059.44
1067.84
1066.15
1067.1
1066.91
1063.42
1065.55
1069.43
1072.14
1061.78
1069.32
1082.72
1079.21
1076.83
1066.92
1074.46
1068.52
1062.75
1077.61
1061.9
1075.82
1074.31
1059.64
1064.17
1078.82
1079.28
1061.24
1068.59
1080.09
1078.11
1076.82
1059.28
1078.13
1069.51
1059.33
1066.89
1063.45
1069.83
1014.62
1016.86
1018.23
1061.34
1063.64
1079.28
1006.4
1003.1
1047.85
1026.86
1015.42
1094.46
1038.01
1085.93
1090.04
1096.06
1097.23
1087.02
1087.83
1086.59
1086.13
1087.66
1088.19
1080.86
1090.71
1090.19
1087.66
1084.11
1094.9
1020.52
1023.36
1017.6
1022.26
1023.2
1027.6
1022.16
1022.12
1035.68
1019.2
1023.56
1017.53
1040.81
1077.36
1016.24
1064.15
1096.57
1071.94
1088.56
1060.0
1014.64
1087.34
1088.99
1083.52
1091.91
1031.81
1085.76
1098.68
1087.4
1089.63
1086.06
1085.26
1091.55
1088.84
1074.37
1084.39
1081.87
1082.89
1089.05
1090.29
1087.02
1084.42
1084.29
1085.95
1085.88
1088.37
1083.84
1034.88
1017.24
1049.87
1036.32
1041.95
1092.63
1023.53
1077.52
1084.76
1081.76
1089.87
1087.31
1086.19
1086.05
1019.96
1029.79
1032.3
1018.28
1019.01
1026.47
1031.7
1096.27
1094.34
1090.82
1096.13
1023.12
1020.32
1025.52
1088.32
1094.31
1094.31
1026.37
1034.93
1024.94
1029.65
