602.87
604.01
600.09
604.02
637.98
635.73
633.13
602.33
601.86
600.92
604.54
603.18
603.18
627.41
601.47
603.38
605.8
603.6
604.31
605.15
611.97
614.36
610.86
614.07
644.17
649.91
646.52
643.75
611.65
609.43
646.99
647.46
644.27
644.0
645.15
601.32
644.05
645.36
601.21
601.81
602.67
642.89
643.12
605.49
601.44
601.01
602.04
600.7
604.59
601.5
652.43
649.4
651.88
603.33
645.93
614.6
647.12
644.88
645.29
644.72
645.5
645.96
642.59
642.34
598.38
600.37
601.42
606.13
603.77
603.99
601.0
602.9
649.43
648.36
643.48
647.51
644.3
644.06
644.64
603.33
601.97
601.61
644.05
601.87
603.65
605.86
603.8
645.46
646.26
601.09
603.56
606.49
602.91
648.3
650.02
648.5
605.43
646.86
645.67
645.56
633.62
634.53
630.06
597.71
600.45
632.89
631.82
597.72
598.45
596.61
628.37
632.84
633.28
595.34
597.69
599.95
601.87
636.15
600.27
600.5
600.74
602.44
600.71
632.37
633.24
631.36
632.05
633.32
634.36
593.38
598.58
599.27
600.71
600.94
601.77
601.0
599.91
635.1
633.27
632.97
631.62
593.63
596.62
600.71
598.96
599.86
598.56
600.26
598.4
598.7
599.28
634.68
632.84
636.42
632.25
632.15
635.13
633.96
628.32
631.07
628.62
632.28
594.75
597.34
600.84
601.87
598.78
599.88
627.57
632.75
595.71
599.77
630.98
633.98
632.72
631.72
632.74
633.67
629.31
593.53
592.02
594.65
632.08
633.23
633.87
631.41
593.42
595.34
594.12
593.92
591.26
594.4
592.55
591.83
591.51
593.45
591.46
636.43
638.68
633.57
623.56
619.13
582.5
585.73
586.91
621.38
620.91
622.86
619.77
620.67
622.24
623.44
587.69
620.21
621.35
621.14
621.28
584.99
622.19
618.39
621.38
621.39
620.9
587.25
615.11
586.19
587.74
584.45
586.3
585.0
585.93
586.94
586.43
586.5
587.6
586.86
588.02
586.49
588.32
594.61
594.54
593.47
594.48
627.13
623.36
586.66
585.8
589.14
621.84
587.6
586.0
621.73
586.64
626.15
626.17
624.48
625.5
627.62
632.45
652.05
628.53
627.48
628.65
628.43
629.28
628.9
628.17
627.25
628.26
589.76
585.34
592.13
627.65
627.99
627.21
631.44
628.84
628.29
589.7
625.73
619.43
621.85
623.15
623.42
585.95
628.4
629.59
629.81
588.37
625.34
623.55
620.9
622.31
623.71
623.05
624.05
624.36
624.3
621.63
620.9
601.36
597.77
604.81
606.6
601.62
602.04
597.45
594.04
593.04
641.1
600.75
592.71
599.28
599.56
598.85
601.81
592.96
601.84
635.44
635.83
637.54
596.96
634.52
634.38
592.94
630.18
633.92
633.46
629.55
630.93
631.79
632.45
628.88
627.61
629.94
628.77
627.45
629.75
628.4
628.53
629.06
629.45
627.51
620.55
630.09
626.89
627.92
624.68
623.8
630.2
630.23
620.59
624.04
626.91
624.38
623.24
624.33
621.01
625.38
626.81
622.11
624.6
625.87
621.59
623.77
591.41
592.26
627.2
631.33
592.09
625.68
630.7
630.06
589.88
592.92
591.37
592.18
588.17
630.6
629.72
631.88
628.19
629.02
631.5
591.28
591.44
598.12
634.07
631.12
631.36
630.43
631.05
590.45
628.23
631.51
633.1
589.29
590.03
631.6
630.63
636.12
636.71
636.86
635.72
634.2
600.17
632.14
633.61
637.51
635.42
637.66
633.11
636.6
637.54
638.53
639.03
637.25
635.72
636.42
635.85
640.52
645.25
645.37
644.9
634.84
637.57
643.95
644.38
644.13
640.9
643.57
646.48
643.6
645.21
638.65
639.0
638.01
643.24
643.59
643.13
645.33
636.68
636.36
644.98
642.44
637.9
638.05
646.02
647.87
644.5
603.15
607.6
606.08
605.4
603.44
605.3
606.83
605.83
604.64
649.76
647.62
645.5
606.19
603.55
642.28
645.11
643.82
672.54
649.09
603.98
604.29
603.76
606.04
605.85
606.59
606.84
648.72
647.46
647.56
643.9
648.17
643.93
640.96
644.55
645.15
645.12
644.55
646.4
645.65
644.37
637.03
637.21
643.4
645.06
644.56
638.47
645.43
642.28
644.83
643.09
