660.17
658.43
658.45
657.37
624.12
623.6
623.67
625.87
624.87
623.41
655.16
666.33
663.79
625.22
663.74
623.89
661.16
661.96
668.38
654.59
659.87
672.43
662.7
662.93
665.12
662.56
661.36
661.59
660.52
661.99
661.01
660.38
662.32
662.2
658.66
662.86
659.4
659.14
646.15
656.55
659.92
660.11
659.55
661.47
659.25
656.51
657.89
663.82
661.63
649.32
652.33
648.55
657.31
671.83
660.5
620.05
657.6
658.53
661.98
667.74
663.47
659.04
660.22
659.51
659.55
661.5
659.92
624.4
662.42
657.83
660.69
666.63
660.14
658.46
656.68
620.01
619.99
623.73
622.16
624.39
618.91
619.81
619.44
623.69
619.87
619.48
621.95
619.22
664.71
662.12
624.02
623.73
621.85
665.26
663.56
664.59
659.97
661.59
662.63
679.32
666.08
663.51
662.94
663.23
665.55
666.93
660.5
661.57
659.45
657.4
666.4
657.22
660.35
661.34
659.48
660.73
660.3
655.86
661.34
657.7
669.32
672.61
669.56
672.85
674.94
677.25
675.83
676.95
674.98
669.03
668.95
673.96
675.48
674.16
675.0
670.09
671.15
666.31
670.06
667.5
670.46
666.71
674.46
673.91
672.3
672.94
675.84
683.51
638.05
670.95
635.23
665.74
639.46
643.1
640.37
670.69
637.05
640.27
665.75
674.07
667.87
670.19
635.89
639.1
640.38
668.75
675.69
676.17
670.79
673.23
670.89
636.65
673.02
672.44
639.27
639.18
641.55
641.4
642.58
640.34
676.58
674.93
639.08
643.83
672.96
673.27
641.12
641.56
640.56
641.38
640.53
642.95
642.74
641.16
644.55
641.84
666.28
640.66
644.26
643.68
658.53
661.83
659.39
660.37
658.27
657.46
656.89
653.31
655.29
650.99
650.54
659.45
658.81
660.14
663.06
658.98
658.18
658.83
657.34
660.85
667.52
682.2
667.58
672.2
670.66
666.91
671.15
672.0
670.98
669.24
668.1
628.17
628.42
630.44
629.37
625.09
629.38
626.84
668.74
672.77
670.98
628.93
632.89
629.21
625.97
629.17
627.64
629.04
628.54
629.65
673.38
674.8
676.09
673.65
672.78
668.94
672.53
672.53
667.75
669.83
668.94
673.53
672.39
630.6
626.25
630.03
628.99
660.75
629.29
626.56
629.33
627.96
627.58
635.98
635.97
635.66
636.8
635.94
634.11
627.78
628.78
626.11
635.85
637.52
637.43
628.9
628.13
625.71
637.38
629.8
636.77
638.94
640.28
638.27
636.42
629.44
636.37
636.22
636.58
637.77
632.72
631.74
674.45
670.85
672.65
672.0
670.39
632.6
667.8
672.98
671.35
675.29
672.99
677.31
678.68
667.55
668.19
669.51
672.85
670.37
632.33
643.0
668.25
672.67
668.32
670.9
629.07
670.19
670.52
670.18
668.41
671.22
629.76
670.96
669.38
669.74
670.89
630.08
670.16
669.84
667.76
633.12
629.01
631.54
633.82
637.16
635.28
636.67
637.83
630.38
632.93
631.24
631.89
632.7
631.32
630.02
630.99
628.69
630.99
631.78
632.14
631.05
637.6
636.69
631.96
634.5
637.48
631.07
632.77
634.06
637.69
651.64
639.15
629.9
635.38
635.03
642.39
635.87
640.16
639.03
640.18
640.37
641.01
639.76
634.47
633.49
629.8
629.3
631.29
638.43
639.56
668.34
672.23
638.48
670.63
669.81
635.55
670.21
670.28
670.93
656.29
653.65
656.31
652.92
655.5
653.84
652.34
648.75
652.06
653.84
650.43
653.22
618.29
614.07
654.01
652.78
618.3
655.64
615.31
614.63
616.84
623.53
614.32
617.43
655.71
661.67
656.77
655.37
655.57
654.77
652.34
653.55
614.5
617.01
617.18
613.43
617.24
655.34
656.56
654.0
653.12
656.36
617.71
611.34
616.35
617.19
614.81
615.72
612.58
616.65
614.41
613.59
613.33
616.63
656.2
613.25
615.72
615.25
616.01
657.46
656.52
656.36
618.87
614.72
653.95
657.89
654.86
656.42
653.15
651.29
614.28
660.75
651.08
654.38
655.1
651.86
650.88
653.44
653.89
612.88
614.21
614.8
613.82
615.25
615.41
615.23
616.82
615.99
651.88
653.3
616.31
613.42
653.56
653.55
653.99
615.44
615.2
612.73
615.48
615.9
