456.57
452.9
464.32
466.67
463.48
463.51
463.06
461.46
452.26
449.21
454.33
449.87
452.12
452.6
452.0
448.69
447.25
447.33
454.47
455.88
456.34
457.88
455.91
453.88
450.43
460.0
454.77
456.44
460.61
455.2
458.88
454.93
445.58
450.23
451.89
454.26
455.42
455.11
455.54
458.19
457.4
457.25
457.78
452.25
448.53
450.12
457.09
449.51
459.99
459.16
457.06
458.55
457.82
460.11
460.98
465.45
458.73
460.16
461.82
457.37
456.52
458.67
460.25
455.74
455.21
452.96
457.87
450.41
447.55
447.74
449.59
448.48
463.25
462.47
459.64
464.39
457.01
461.68
459.16
459.27
446.61
449.34
449.62
443.41
455.92
461.0
457.3
446.62
448.32
445.99
457.82
448.04
455.25
463.65
459.18
454.45
457.3
455.69
454.92
458.89
465.42
455.4
461.1
466.6
463.25
460.61
467.94
464.14
462.69
467.87
469.45
466.08
472.03
470.16
467.65
462.08
463.25
459.12
458.07
462.15
457.18
463.1
471.74
468.93
474.49
468.36
470.12
477.93
471.58
468.05
470.69
471.31
470.44
468.73
468.84
466.94
471.27
464.61
466.19
473.17
471.5
476.31
470.38
470.95
470.09
471.12
469.36
470.2
470.02
471.17
472.61
473.49
469.45
471.05
470.25
470.01
477.57
468.62
466.06
462.88
469.08
468.63
464.57
475.35
469.52
477.06
478.15
476.83
471.41
467.93
471.4
471.71
470.91
469.44
468.41
476.12
477.94
468.23
473.07
473.37
473.2
474.06
467.23
462.7
463.97
465.78
475.47
467.64
465.43
471.37
470.73
471.22
472.75
471.73
466.28
466.07
470.19
473.95
475.4
477.54
473.12
462.84
466.84
467.05
464.04
467.85
463.81
464.77
468.48
463.75
459.86
465.44
458.93
464.63
464.9
464.73
464.64
460.88
464.33
468.29
466.44
459.71
463.74
461.43
464.86
460.46
463.14
464.6
464.98
464.56
467.65
452.34
450.48
464.72
463.38
463.97
464.33
464.89
459.48
461.73
459.47
460.61
465.49
466.71
462.22
465.0
465.33
453.11
447.97
455.12
447.1
453.47
450.85
460.95
460.46
462.84
451.99
454.59
453.07
452.14
448.33
463.7
468.05
462.5
451.4
452.92
451.33
456.05
457.82
448.74
452.18
452.67
452.55
452.66
455.21
457.14
449.24
456.12
453.1
449.79
453.65
460.59
457.1
463.24
462.93
464.29
472.82
463.82
455.92
453.69
454.94
457.64
453.63
454.29
458.63
453.68
461.06
463.87
457.63
454.65
463.81
464.65
462.87
466.02
460.32
461.24
454.93
460.97
455.11
453.71
457.16
458.73
462.8
464.96
465.24
468.18
467.25
461.89
456.19
453.22
460.52
455.07
457.23
457.95
451.65
454.44
462.65
466.59
462.52
454.71
459.03
464.33
464.9
458.21
456.22
459.2
452.92
456.04
464.38
462.95
458.15
460.77
463.09
464.62
461.65
459.57
463.46
459.01
455.34
451.37
462.58
464.81
452.36
451.41
454.12
453.32
454.64
459.14
457.61
465.09
462.27
464.35
463.83
464.1
458.02
466.84
467.8
464.48
462.19
466.29
465.05
459.14
461.78
464.22
453.08
456.57
461.96
460.85
464.6
457.22
458.14
460.15
466.73
470.24
464.94
464.66
454.57
455.07
469.93
454.99
455.54
456.89
463.28
465.56
464.31
463.57
455.04
450.24
452.62
454.62
450.23
453.45
453.36
457.44
455.17
463.83
461.21
452.12
457.69
452.78
450.87
454.77
456.12
468.05
464.14
461.68
464.5
462.11
462.01
460.22
460.25
460.78
468.45
464.23
452.6
453.92
456.82
453.45
460.81
481.18
461.95
466.97
457.16
463.89
461.47
462.26
462.44
461.74
461.65
462.0
462.62
461.25
462.35
464.34
463.63
463.25
456.04
454.81
455.25
468.28
453.99
456.28
458.5
461.66
463.38
462.41
451.1
453.57
464.53
453.75
454.94
458.44
460.91
459.24
461.64
464.36
464.42
459.18
460.73
460.24
465.56
458.17
455.31
456.87
454.95
459.56
457.86
458.67
459.61
454.49
466.79
468.12
464.49
463.4
463.0
458.94
461.48
462.91
453.74
459.1
454.87
456.54
453.36
454.07
456.77
457.59
457.6
464.29
466.12
464.79
