819.12
823.05
817.73
816.57
797.97
814.98
821.05
818.52
817.18
818.29
793.61
798.58
795.31
820.04
821.31
820.99
817.94
793.72
810.24
797.64
801.74
823.2
821.56
824.09
798.21
827.02
800.81
805.52
799.04
818.9
820.18
819.13
818.5
809.43
816.3
800.58
817.64
803.9
800.78
806.09
798.78
814.35
817.03
798.46
808.96
816.2
818.78
817.72
816.82
802.47
800.09
820.84
826.81
804.79
801.4
804.78
804.01
816.01
813.18
817.12
815.48
814.42
815.09
798.07
824.21
817.76
819.38
815.6
796.08
799.87
819.93
819.24
813.5
816.71
816.07
816.9
815.51
817.47
814.46
817.71
808.85
815.53
817.35
818.04
814.68
821.28
795.75
802.97
801.14
795.47
798.27
797.32
827.57
797.61
796.24
795.78
794.87
798.4
800.37
805.9
811.47
837.42
812.17
824.79
817.43
816.64
838.97
831.46
832.89
828.94
825.53
838.5
835.53
833.26
838.74
834.11
833.62
835.97
834.09
834.47
835.37
830.53
812.16
827.26
830.53
833.18
836.78
815.59
813.46
826.76
815.53
833.56
835.59
832.93
837.65
824.96
830.0
826.08
815.89
820.86
814.93
807.13
813.59
819.15
818.05
815.22
818.22
810.44
830.09
829.75
830.75
834.24
829.75
833.35
812.3
810.7
815.6
835.36
831.28
825.46
830.53
826.0
834.32
832.29
837.12
810.7
815.39
809.93
808.08
814.45
830.13
829.46
825.95
812.81
834.81
829.61
833.62
834.44
837.97
827.33
828.81
831.59
832.81
826.01
825.18
828.25
829.78
831.3
830.0
831.97
828.08
828.35
828.46
827.49
823.88
834.6
837.98
830.45
831.71
825.31
840.43
837.66
830.0
830.14
831.29
833.81
833.29
822.27
824.28
820.21
815.43
820.81
815.77
815.62
834.08
835.22
833.68
817.49
820.03
818.64
816.11
832.62
816.32
829.85
833.14
837.51
814.9
835.47
817.84
835.13
815.06
820.56
815.61
833.72
820.02
819.97
823.1
815.17
818.26
818.4
814.15
817.01
811.28
815.74
820.43
820.64
819.81
820.23
829.76
824.36
840.44
837.47
835.99
818.38
835.34
834.72
819.67
841.43
840.09
841.22
837.74
818.98
815.28
820.25
841.24
839.04
834.79
834.04
842.64
840.93
830.38
829.35
827.79
835.33
829.64
842.11
845.09
838.05
813.35
813.62
837.84
838.17
842.59
817.13
820.67
811.01
831.14
850.79
833.32
833.31
830.6
840.0
835.08
831.0
831.33
830.9
833.52
815.27
818.33
814.94
805.09
779.42
780.33
781.27
783.71
777.8
788.37
782.32
780.7
799.05
790.59
790.94
784.07
780.52
780.31
783.29
784.02
782.96
787.12
785.46
806.64
781.28
780.72
786.42
780.89
785.36
786.9
783.07
801.6
787.75
796.59
795.88
793.57
794.73
793.82
804.93
800.72
799.73
802.04
799.24
797.39
801.55
798.31
801.84
792.51
792.21
799.23
793.38
794.24
795.55
792.77
796.82
796.03
793.73
793.41
796.51
792.42
796.58
779.72
775.81
775.76
795.23
791.72
798.21
793.4
774.21
776.67
792.99
794.49
779.31
794.92
797.14
800.07
795.77
795.28
776.91
797.11
790.02
796.93
776.87
782.8
783.84
801.26
801.16
804.71
800.91
799.88
804.45
799.45
800.11
800.7
775.69
772.88
780.2
798.45
800.31
797.89
797.73
802.15
804.86
813.65
815.71
810.97
813.69
815.54
811.38
817.41
816.68
814.92
828.53
827.83
827.29
834.94
825.08
830.47
830.76
834.88
825.33
825.73
824.16
828.63
833.9
830.33
808.05
830.01
810.84
827.74
824.55
826.16
828.17
837.28
812.98
832.03
839.47
825.05
828.65
809.45
804.18
810.33
802.8
829.05
833.09
835.47
824.5
835.12
829.86
826.77
824.21
829.39
827.6
829.15
823.9
825.98
825.96
826.21
828.45
825.82
825.13
821.2
825.15
825.47
823.68
825.85
829.91
829.55
824.75
828.01
829.53
826.37
824.33
832.82
828.23
833.36
828.16
821.99
823.99
805.08
813.02
826.95
813.44
827.77
832.93
826.01
809.04
814.64
823.32
812.09
808.78
806.95
816.01
808.55
844.12
820.39
813.93
811.35
810.35
812.22
814.3
810.17
808.71
