478.69
478.13
481.12
472.98
480.87
481.47
480.75
477.55
481.77
479.74
470.51
465.61
465.26
469.35
464.01
467.68
469.62
479.33
478.8
469.95
472.09
471.17
477.13
483.84
464.87
473.05
478.74
476.61
472.8
489.59
483.84
475.93
480.44
481.04
464.66
474.73
479.79
466.56
477.78
482.03
465.41
464.24
471.95
471.74
474.62
478.55
466.04
466.98
467.29
479.71
478.42
467.03
478.45
479.35
475.36
479.3
467.08
475.25
468.84
468.15
482.33
475.65
477.67
474.97
490.1
477.5
476.33
482.37
483.99
473.99
475.14
468.44
471.1
465.99
474.8
473.84
478.46
477.03
479.28
477.82
462.26
466.57
474.1
478.15
467.49
472.9
469.73
464.38
469.64
477.53
476.99
471.16
472.34
465.79
472.69
471.39
479.43
477.23
476.77
487.19
483.25
488.79
471.05
483.85
482.64
487.21
472.99
474.11
477.58
484.38
481.84
480.39
487.23
489.57
473.68
475.34
480.0
475.32
473.52
474.5
478.73
478.79
478.84
485.88
482.47
482.23
477.22
488.29
485.01
483.46
478.92
477.5
475.34
475.12
475.84
472.81
473.66
480.02
476.06
471.8
472.24
484.49
479.3
476.43
476.95
474.94
474.01
477.09
468.54
478.27
481.78
476.47
473.96
473.28
473.29
471.09
471.27
470.44
475.16
478.62
478.05
472.73
474.03
474.97
477.68
478.86
478.92
482.12
480.19
471.81
482.14
474.06
471.25
467.87
474.23
471.88
473.91
477.78
477.97
473.24
476.13
477.22
482.7
481.41
487.14
484.36
484.23
482.3
469.04
469.99
471.04
473.38
470.96
469.39
480.72
481.7
472.75
471.08
482.13
471.81
473.3
469.55
473.56
470.7
475.15
473.51
466.44
480.24
478.36
478.52
470.45
474.97
479.46
482.22
483.04
481.69
485.11
483.19
481.31
478.28
473.73
474.24
479.47
476.27
479.59
478.84
476.55
479.05
475.56
478.04
476.62
470.75
466.72
481.33
479.85
476.12
470.84
469.23
471.36
467.81
465.32
475.14
469.39
479.38
475.62
480.55
478.71
468.51
472.25
481.46
468.28
461.4
466.91
462.75
467.44
464.67
467.07
462.99
465.45
475.37
477.43
474.02
480.38
474.68
464.46
466.08
467.1
471.49
469.07
472.43
468.74
483.58
472.84
478.86
480.47
475.04
471.93
470.46
476.6
478.4
476.47
469.69
474.44
481.21
477.86
480.63
461.88
462.12
466.51
474.0
478.05
480.32
476.92
471.02
469.33
472.96
469.84
467.85
473.94
487.07
481.64
482.46
481.14
477.5
483.55
474.55
473.3
476.75
472.97
474.09
479.63
475.33
471.44
480.39
480.63
473.55
482.6
481.46
481.0
478.28
474.94
477.87
474.58
470.71
491.54
477.64
472.68
471.96
476.5
477.47
481.52
484.71
480.72
479.51
477.55
467.32
470.92
469.3
478.16
478.51
476.73
479.89
475.55
481.78
476.3
476.48
477.16
466.13
469.44
470.75
470.52
469.36
466.53
467.68
474.64
468.71
470.15
473.92
476.47
468.08
465.52
465.96
469.45
472.26
475.58
480.11
477.55
469.11
468.03
475.03
466.65
471.8
473.42
474.97
468.46
475.39
477.03
474.66
475.2
475.22
474.26
465.16
476.87
477.05
476.62
474.62
473.68
474.68
475.5
476.1
471.32
478.53
474.55
468.8
468.68
468.65
472.88
471.76
463.49
467.92
480.26
475.4
482.34
469.92
478.09
483.7
480.14
475.7
478.56
495.11
486.11
479.2
471.33
479.53
476.03
480.7
476.41
480.31
483.36
471.16
469.73
473.79
468.23
467.46
469.57
474.21
476.1
480.53
471.94
478.09
476.01
474.16
468.22
478.55
479.53
475.32
476.42
466.32
468.45
466.45
469.39
477.43
466.59
472.48
474.65
477.87
465.2
473.12
471.27
479.02
477.56
477.55
475.36
474.98
476.59
465.61
468.36
466.98
474.71
477.4
479.5
475.5
477.23
476.66
470.65
468.15
471.53
477.72
476.73
477.82
466.19
476.36
480.26
475.34
479.12
478.41
463.18
466.67
476.44
479.41
473.78
476.65
476.95
473.27
472.54
477.91
467.44
468.86
467.71
469.24
466.14
468.11
467.26
466.43
480.08
477.03
477.79
465.21
472.97
488.56
