858.93
857.03
858.54
860.32
863.9
858.68
870.22
864.4
863.86
859.83
858.97
865.76
859.88
861.76
863.87
863.53
876.62
862.23
871.21
859.47
870.15
877.19
864.89
868.4
861.63
858.34
857.71
856.67
860.17
873.31
881.1
878.61
859.3
859.31
863.02
873.63
876.34
866.33
873.28
871.75
878.41
874.62
873.91
877.2
873.94
873.12
879.75
874.44
874.6
874.05
872.88
876.01
871.9
877.84
856.89
854.26
874.22
859.59
872.91
859.61
865.55
878.57
860.34
870.66
875.46
858.12
858.45
854.96
854.04
878.7
879.75
877.5
874.37
877.07
856.53
859.09
855.38
861.45
860.21
861.31
862.87
858.48
888.94
860.24
858.06
852.83
856.15
860.12
855.22
858.07
858.26
853.83
884.95
853.52
865.49
860.58
856.62
859.14
861.44
872.53
797.35
806.98
803.98
802.46
801.91
803.85
799.55
777.97
783.1
803.76
780.99
775.44
777.72
784.9
803.02
776.12
786.79
794.2
775.09
778.16
780.93
783.76
801.26
778.88
797.63
801.66
801.06
798.14
801.78
798.19
795.63
800.03
796.46
798.87
793.96
798.68
790.43
796.83
797.05
799.83
796.01
796.79
802.35
791.98
797.7
794.55
792.95
793.43
794.79
788.77
797.19
793.8
801.99
793.74
791.06
801.95
795.43
795.72
792.2
796.11
791.53
774.91
818.62
789.51
796.5
793.77
792.75
792.97
776.83
783.41
780.97
784.43
794.99
790.63
797.33
801.25
797.71
794.6
792.3
793.8
794.35
796.96
802.27
805.28
795.02
797.49
799.14
797.91
797.69
793.81
793.73
792.41
797.99
790.75
790.9
794.7
792.75
797.37
797.96
792.13
787.89
797.66
790.82
792.67
792.34
799.4
794.25
789.49
787.75
790.42
806.49
801.47
799.88
798.9
800.53
803.23
791.06
791.28
784.24
798.91
808.53
786.74
788.98
805.32
793.38
786.8
785.01
793.38
805.52
805.86
811.13
806.76
810.56
807.74
810.57
805.89
796.82
781.64
784.88
789.49
800.6
803.36
807.78
809.01
807.62
808.17
809.3
799.81
804.52
796.32
805.49
809.54
808.49
803.51
802.94
794.26
782.94
803.8
805.12
810.88
808.83
789.51
823.32
786.25
788.35
802.09
807.29
777.78
810.02
781.81
779.56
787.77
782.07
792.25
806.68
808.9
796.76
822.17
823.47
820.09
801.93
798.31
796.28
797.46
799.62
795.88
799.33
799.27
794.42
793.17
795.42
800.48
783.31
796.67
798.4
801.88
783.78
796.52
790.43
788.85
806.94
782.98
782.4
782.33
784.48
788.94
811.13
808.4
798.59
804.39
779.91
781.06
784.29
800.27
799.88
783.47
786.15
783.39
796.1
780.79
785.61
805.77
805.92
807.84
805.01
800.61
822.5
780.14
810.0
807.39
805.59
802.69
808.97
803.1
812.86
807.48
806.33
780.85
785.39
808.63
782.06
785.11
782.74
799.75
799.47
778.63
786.9
785.75
784.35
786.62
784.48
800.47
782.05
783.69
784.42
804.44
782.98
827.05
799.36
797.07
797.81
800.14
800.32
798.41
798.09
799.14
798.93
794.61
798.79
795.52
783.9
782.16
796.2
800.21
798.84
804.14
797.69
780.43
779.13
829.41
817.03
824.51
782.38
779.06
783.06
788.22
792.22
803.64
797.74
799.32
796.05
794.48
796.03
785.52
784.49
780.83
784.31
798.91
786.36
788.5
802.26
795.25
810.88
801.33
800.29
801.78
802.37
808.97
796.13
803.42
782.28
801.5
815.41
787.94
799.03
787.34
783.68
805.9
787.28
799.0
798.73
799.98
783.82
799.48
801.57
783.65
784.43
784.55
787.08
780.55
780.03
790.17
786.55
782.86
797.21
787.72
784.35
788.24
788.83
800.87
782.42
799.36
797.35
789.32
789.58
785.59
784.17
783.13
786.97
790.01
785.52
794.68
785.67
782.54
791.96
802.44
785.03
779.09
786.38
789.43
798.61
802.54
782.13
780.51
781.73
785.23
782.38
789.07
790.61
808.96
804.68
805.1
781.6
806.48
785.43
790.23
783.69
789.22
784.34
782.35
785.62
787.35
788.58
802.98
801.13
788.58
791.52
787.76
784.71
790.55
789.16
789.14
783.3
784.96
786.94
786.16
789.03
791.05
797.0
796.02
